 $IN
 LRMIN   =  6.000000000000000E-005,
 LRMAX   =  0.200000000000000     ,
 LIMIN   =  0.300000000000000     ,
 LIMAX   =  0.400000000000000     ,
 NLR     =        2000,
 NLI     =        2000,
 ALPHA   = -1.000000000000000E-004,
 C1      =  0.700000000000000     ,
 C2      =  -2.00000000000000     ,
 C3      =  1.000000000000000E-006,
 FTOL    =  1.000000000000000E-005,
 ERRTOL  =  -20.0000000000000     ,
 EVTOL   =  1.000000000000000E-006,
 ITMAX   =       10000,
 EPS     =  0.000000000000000E+000,
 XI      =   5.00000000000000     ,
 XI3     =   7.00000000000000     
 $END
 imode =          942
 -1.000000000000000E-004
  0.000000000000000E+000
   5.00000000000000     
   7.00000000000000     
  0.2337813319617867E-01   0.2349496897726756E-01
  0.2378992022963929E-01   0.2391355270055674E-01
  0.2396083407581796E-01   0.2408736597657441E-01
  0.2413548355721565E-01   0.2426502642555645E-01
  0.2431400672263802E-01   0.2444667811792296E-01
  0.2449654886821998E-01   0.2463247279292167E-01
  0.2468326303393172E-01   0.2482257039159904E-01
  0.2487431054229159E-01   0.2501713963575418E-01
  0.2506986158359176E-01   0.2521635865763873E-01
  0.2527009585245698E-01   0.2542041568574510E-01
  0.2547520324114356E-01   0.2562950979268361E-01
  0.2557964666984350E-01   0.2573601112555240E-01
  0.2579244397129347E-01   0.2595305986193570E-01
  0.2601063887311358E-01   0.2617569635168537E-01
  0.2623446338995292E-01   0.2640416457673212E-01
  0.2634856311151598E-01   0.2652066595235990E-01
  0.2658129845257949E-01   0.2675837278926036E-01
  0.2670000147313527E-01   0.2687964930095108E-01
  0.2694225473950514E-01   0.2712723473924911E-01
  0.2706587898947414E-01   0.2725362180012085E-01
  0.2731831678787318E-01   0.2751178967031109E-01
  0.2744721179879252E-01   0.2764365663231955E-01
  0.2771056795364923E-01   0.2791318303399269E-01
  0.2784511901297273E-01   0.2805093773457832E-01
  0.2798164790365520E-01   0.2819075304561312E-01
  0.2826083652921048E-01   0.2847677494153368E-01
  0.2840359929043316E-01   0.2862309095492666E-01
  0.2854854609518784E-01   0.2877168661174694E-01
  0.2884521880698691E-01   0.2907595838244911E-01
  0.2899706341414150E-01   0.2923176092072873E-01
  0.2915132966424414E-01   0.2939009617201584E-01
  0.2979394933232030E-01   0.3005019311946752E-01
  0.2962932096992343E-01   0.2988100560823828E-01
  0.2996135040378830E-01   0.3022228855622411E-01
  0.3013160285070230E-01   0.3039737619685447E-01
  0.3030478849825274E-01   0.3057554377953853E-01
  0.3048099249533574E-01   0.3075688268706696E-01
  0.3084281381683891E-01   0.3112945942593699E-01
  0.3102861969551920E-01   0.3132090008565477E-01
  0.3243054004575907E-01   0.3276784257822676E-01
  0.3309235373319988E-01   0.3345249647614778E-01
  0.3355673021835344E-01   0.3393352752228528E-01
  0.3379636290243563E-01   0.3418196079294245E-01
  0.3429142517281383E-01   0.3469565618146918E-01
  0.3480887233367405E-01   0.3523324035798459E-01
  0.3507652597362031E-01   0.3551157966131276E-01
  0.3535044203653061E-01   0.3579662431802343E-01
  0.3563086834140770E-01   0.3608864796721225E-01
  0.3591806664406323E-01   0.3638794013955025E-01
  0.3621231366030511E-01   0.3669480746365294E-01
  0.3651390218236815E-01   0.3700957498626907E-01
  0.3682314229878794E-01   0.3733258761919710E-01
  0.3714036272922809E-01   0.3766421172755722E-01
  0.3814350430247275E-01   0.3871477628686273E-01
  0.3746591228727084E-01   0.3800483687602815E-01
  0.3780016148590965E-01   0.3835487775195143E-01
  0.3885917588083530E-01   0.3946606459973587E-01
  0.3923242843503559E-01   0.3985849685229619E-01
  0.3849636012200927E-01   0.3908500400109981E-01
  0.3961662718232418E-01   0.4026287779364632E-01
  0.4001231696988077E-01   0.4067982628924101E-01
  0.4042008132571483E-01   0.4111000701475905E-01
  0.4172231583613001E-01   0.4248737383673418E-01
  0.4084054605690610E-01   0.4155413490824355E-01
  0.4127438326490265E-01   0.4201298016247311E-01
  0.4315878652635856E-01   0.4401320765485355E-01
  0.4475420555095784E-01   0.4571624400775932E-01
  0.4654014449930869E-01   0.4763365477907219E-01
  0.4855768580299702E-01   0.4981452179405653E-01
  0.5086143955122413E-01   0.5232523262758670E-01
  0.5259195175132404E-01   0.5422646351429909E-01
  0.4218512247574392E-01   0.4297821418085544E-01
  0.4367153503164654E-01   0.4455956245363391E-01
  0.4532654796013422E-01   0.4632942437786890E-01
  0.4718455447627777E-01   0.4832848088881678E-01
  0.4929061146910756E-01   0.5061085633622991E-01
  0.4266364336375409E-01   0.4348647378079205E-01
  0.4420295513846298E-01   0.4512678694583609E-01
  0.4592135908880217E-01   0.4696796249169878E-01
  0.4785640236195462E-01   0.4905462841046716E-01
  0.5005762393156933E-01   0.5144663831461013E-01
  0.5170508643097844E-01   0.5325041965394921E-01
  0.5352583814728419E-01   0.5525819453334645E-01
  0.5555238091225852E-01   0.5751149462539345E-01
  0.5451103122713086E-01   0.5635110952456373E-01
  0.5665540004249799E-01   0.5874657691660062E-01
  0.5782638471023985E-01   0.6006471313058035E-01
  0.5907256215669873E-01   0.6147562663850843E-01
  0.6040227392254274E-01   0.6299070797874541E-01
  0.6182520449194832E-01   0.6462340002100592E-01
  0.6335266919329187E-01   0.6638969734438971E-01
  0.6499798004534102E-01   0.6830880196007363E-01
  0.6677691519055863E-01   0.7040399643260795E-01
  0.6870832746225922E-01   0.7270382457052739E-01
  0.7081494185360682E-01   0.7524371568201771E-01
  0.7312441217198380E-01   0.7806826234049283E-01
  0.7567073672056163E-01   0.8123448431226604E-01
  0.7849617485547272E-01   0.8481662136931017E-01
  0.8165386350844708E-01   0.8891337021360578E-01
  0.8521140192212184E-01   0.9365916811603509E-01
  0.8925572434214198E-01   0.9924245318400063E-01
  0.9389948643966320E-01   0.1059365309339273E+00
  0.2714370188384499E-18   0.3786752649556939E+00
  0.7999862946612071E-03   0.7999874829410789E-03
  0.8249864779616958E-03   0.8249878157203502E-03
  0.8499874973739473E-03   0.8499889971447638E-03
  0.8749867330141096E-03   0.8749884078826923E-03
  0.8999895274022070E-03   0.8999913910685326E-03
  0.9249850677054164E-03   0.9249871343654442E-03
  0.9499859759875082E-03   0.9499882605240824E-03
  0.9749859974909444E-03   0.9749885153274623E-03
  0.9999897983493634E-03   0.9999925655516414E-03
  0.1024985682035278E-02   0.1024988715149235E-02
  0.1049985522504944E-02   0.1049988838804334E-02
  0.1074983410427026E-02   0.1074987027730707E-02
  0.1099986577982984E-02   0.1099990514815131E-02
  0.1149998888731971E-02   0.1150003522577546E-02
  0.1174985822839192E-02   0.1174990835085096E-02
  0.1200000095371316E-02   0.1200005507403098E-02
  0.1224981803552250E-02   0.1224987636426288E-02
  0.1249980992086250E-02   0.1249987268321477E-02
  0.1274984244780158E-02   0.1274990987329464E-02
  0.1299987911832013E-02   0.1299995144233538E-02
  0.1324985478986364E-02   0.1324993225293212E-02
  0.1349980902231705E-02   0.1349989187220328E-02
  0.1375006820407245E-02   0.1375015670258642E-02
  0.1400010379549651E-02   0.1400019819926249E-02
  0.1425009233235715E-02   0.1425019290839302E-02
  0.1449977424601246E-02   0.1449988126102316E-02
  0.1474973296452891E-02   0.1474984670691988E-02
  0.1499991631893577E-02   0.1500003708330577E-02
  0.1524989054376689E-02   0.1525001861934662E-02
  0.1549990920548200E-02   0.1550004489543730E-02
  0.1574986205168434E-02   0.1575000566262170E-02
  0.1599994332976372E-02   0.1600009518143405E-02
  0.1624991230181258E-02   0.1625007271296375E-02
  0.1649982586678971E-02   0.1649999516471786E-02
  0.1674981336157854E-02   0.1674999188517021E-02
  0.1699977700813114E-02   0.1699996509974862E-02
  0.1724997730608995E-02   0.1725017532552880E-02
  0.1749976301422415E-02   0.1749997130210001E-02
  0.1774982128893365E-02   0.1775004022087476E-02
  0.1800064467906026E-02   0.1800087466107011E-02
  0.1824979502126414E-02   0.1825003635700638E-02
  0.1850003057652517E-02   0.1850028370116925E-02
  0.1874965807394622E-02   0.1874992335114472E-02
  0.1899975157634539E-02   0.1900002942890216E-02
  0.1924981078144245E-02   0.1925010161526746E-02
  0.1949975315959592E-02   0.1950005738319396E-02
  0.1974951932825541E-02   0.1974983735348162E-02
  0.1999957896295718E-02   0.1999991123521168E-02
  0.2024946451984738E-02   0.2024981146551421E-02
  0.2049974899416044E-02   0.2050011108121757E-02
  0.2074943868414542E-02   0.2074981632729104E-02
  0.2099974677985269E-02   0.2100014047683587E-02
  0.2124968496506676E-02   0.2125009515834855E-02
  0.2149939323894792E-02   0.2149982038597427E-02
  0.2174970786817347E-02   0.2175015249170523E-02
  0.2199960236400061E-02   0.2200006492314792E-02
  0.2249984429042272E-02   0.2250034424968322E-02
  0.2274941275886363E-02   0.2274993213811738E-02
  0.2299982608502675E-02   0.2300036546943838E-02
  0.2325000368999231E-02   0.2325056358789847E-02
  0.2349955257038608E-02   0.2350013346275937E-02
  0.2374973443529465E-02   0.2375033691689586E-02
  0.2399939087493351E-02   0.2400001544853625E-02
  0.2424991847530357E-02   0.2425056577609375E-02
  0.2449921478137763E-02   0.2449988526026674E-02
  0.2474969058992669E-02   0.2475038492951233E-02
  0.2499916986163598E-02   0.2499988854555095E-02
  0.2524926599992604E-02   0.2525000967565998E-02
  0.2549972578887723E-02   0.2550049508985919E-02
  0.2574920413349321E-02   0.2574999956108959E-02
  0.2599952295149056E-02   0.2600034520516724E-02
  0.2624932855151552E-02   0.2625017819467530E-02
  0.2649945779959520E-02   0.2650033549453573E-02
  0.2674965778343719E-02   0.2675056417344240E-02
  0.2699965814530746E-02   0.2700059385004232E-02
  0.2724917074895968E-02   0.2725013635951840E-02
  0.2749919592522423E-02   0.2750019216059028E-02
  0.2774951677790683E-02   0.2775054434162628E-02
  0.2799990150125563E-02   0.2800096107727462E-02
  0.2824868658127892E-02   0.2824977864255461E-02
  0.2849985880926789E-02   0.2850098436057462E-02
  0.2874889048986915E-02   0.2875004994125453E-02
  0.2899843592466071E-02   0.2899963004865541E-02
  0.2924987632732859E-02   0.2925110610666283E-02
  0.2949990441711080E-02   0.2950117037567533E-02
  0.2974983615108254E-02   0.2975113900471041E-02
  0.2999944219996640E-02   0.3000078263683841E-02
  0.3024848002874904E-02   0.3024985870459756E-02
  0.3049847603405162E-02   0.3049989384880003E-02
  0.3074929297198812E-02   0.3075075082028218E-02
  0.3099891237039119E-02   0.3100041083111523E-02
  0.3124895789108218E-02   0.3125049781187058E-02
  0.3149926068365527E-02   0.3150084289552035E-02
  0.3174964172929048E-02   0.3175126704279721E-02
  0.3199991163490842E-02   0.3200158083608892E-02
  0.3224987045918015E-02   0.3225158430518944E-02
  0.3249930757508413E-02   0.3250106678959933E-02
  0.3274800157392828E-02   0.3274980684229831E-02
  0.3299797753287924E-02   0.3299982992634511E-02
  0.3324914674574433E-02   0.3325104733956607E-02
  0.3349905194565518E-02   0.3350100135148595E-02
  0.3374984627146008E-02   0.3375184552794386E-02
  0.3399894875012333E-02   0.3400099838701517E-02
  0.3424860036333697E-02   0.3425070136595857E-02
  0.3449867276087069E-02   0.3450082610156150E-02
  0.3474903029636759E-02   0.3475123693120564E-02
  0.3499952986673995E-02   0.3500179073204639E-02
  0.3525002076723929E-02   0.3525233677586363E-02
  0.3549753382559407E-02   0.3549990522871831E-02
  0.3574746445879036E-02   0.3574989272037295E-02
  0.3599981785876546E-02   0.3600230447942559E-02
  0.3624861100755642E-02   0.3625115610631187E-02
  0.3649957907340871E-02   0.3650218411793877E-02
  0.3674959469255592E-02   0.3675226041901032E-02
  0.3699845335423496E-02   0.3700118044537319E-02
  0.3724918929780108E-02   0.3725197919727205E-02
  0.3749846528872802E-02   0.3750131861512785E-02
  0.3774943335135174E-02   0.3775235153523120E-02
  0.3799861233110895E-02   0.3800159591130245E-02
  0.3824927526618974E-02   0.3825232564725930E-02
  0.3849779323714032E-02   0.3850091086101340E-02
  0.3874756339775366E-02   0.3875074962859562E-02
  0.3899853173270787E-02   0.3900178794358679E-02
  0.3924684185280750E-02   0.3925016834089823E-02
  0.3949995623017198E-02   0.3950335542697770E-02
  0.3975013687967210E-02   0.3975360901447801E-02
  0.3999708918508521E-02   0.4000063437039765E-02
  0.4024870203802966E-02   0.4025232273781102E-02
  0.4049677559240265E-02   0.4050047182544565E-02
  0.4074949339168981E-02   0.4075326768455406E-02
  0.4099833976233093E-02   0.4100219202499124E-02
  0.4124739146614358E-02   0.4125132287016852E-02
  0.4149654735786507E-02   0.4150055905334861E-02
  0.4174570182300821E-02   0.4174979493531932E-02
  0.4199939874621502E-02   0.4200357592542730E-02
  0.4224829855962069E-02   0.4225255936798743E-02
  0.4249685357790899E-02   0.4250119904673701E-02
  0.4274984769395362E-02   0.4275428052139181E-02
  0.4299742198932375E-02   0.4300194147105803E-02
  0.4324934793876143E-02   0.4325395679191785E-02
  0.4349541057630781E-02   0.4350010789209416E-02
  0.4374572136463391E-02   0.4375050986662955E-02
  0.4399505262800379E-02   0.4399993316758534E-02
  0.4424869624966793E-02   0.4425367166503592E-02
  0.4449570365463120E-02   0.4450077268036427E-02
  0.4474689430295453E-02   0.4475205976469443E-02
  0.4499666236446447E-02   0.4500192496498911E-02
  0.4524483955037093E-02   0.4525019991322693E-02
  0.4549716893520034E-02   0.4550262997454111E-02
  0.4574775080576420E-02   0.4575331310908049E-02
  0.4599640363817890E-02   0.4600206770028715E-02
  0.4624915550113720E-02   0.4625492430958787E-02
  0.4649980179114105E-02   0.4650567578667204E-02
  0.4674814754524155E-02   0.4675412706116494E-02
  0.4699399320588277E-02   0.4700007846187118E-02
  0.4725038537958964E-02   0.4725658227970839E-02
  0.4749754936338918E-02   0.4750385522035763E-02
  0.4774863301356243E-02   0.4775505090223241E-02
  0.4799679238146714E-02   0.4800332233982463E-02
  0.4824886155088902E-02   0.4825550672032435E-02
  0.4849777572635907E-02   0.4850453603435243E-02
  0.4874330444496151E-02   0.4875017966747556E-02
  0.4899999061419205E-02   0.4900698740753341E-02
  0.4924576081293242E-02   0.4925287538997312E-02
  0.4949526658264937E-02   0.4950250212640657E-02
  0.4974860352252293E-02   0.4975596333540909E-02
  0.4999801599174892E-02   0.5000549958012535E-02
  0.5024324680075032E-02   0.5025085348290189E-02
  0.5050021165802221E-02   0.5050794881573525E-02
  0.5074473197195436E-02   0.5075259471291973E-02
  0.5099283884709825E-02   0.5100083044407177E-02
  0.5124462082662271E-02   0.5125274467072228E-02
  0.5150016954447821E-02   0.5150842915068779E-02
  0.5174216375416237E-02   0.5175055335728617E-02
  0.5199643195125690E-02   0.5200495965867512E-02
  0.5224552337474328E-02   0.5225418788813687E-02
  0.5249822922950962E-02   0.5250703407396530E-02
  0.5274541555373097E-02   0.5275435917383480E-02
  0.5299612662537366E-02   0.5300521253423295E-02
  0.5325044701617374E-02   0.5325967885031030E-02
  0.5349884100657547E-02   0.5350821691869167E-02
  0.5374098923547409E-02   0.5375050708893814E-02
  0.5399634424515260E-02   0.5400601338020223E-02
  0.5424534243679024E-02   0.5425516067704309E-02
  0.5449781731986660E-02   0.5450778835928333E-02
  0.5474353986118089E-02   0.5475366118090158E-02
  0.5499261637034344E-02   0.5500289160893681E-02
  0.5524512384681018E-02   0.5525555676507267E-02
  0.5549040322522980E-02   0.5550099090011824E-02
  0.5574986236649108E-02   0.5576061546042404E-02
  0.5599092511730646E-02   0.5600183349136867E-02
  0.5624631899794385E-02   0.5625739356359652E-02
  0.5649390794186135E-02   0.5650514527956781E-02
  0.5674479542756752E-02   0.5675619938162512E-02
  0.5699905535289639E-02   0.5701062989356635E-02
  0.5724497400799020E-02   0.5725671520553930E-02
  0.5749410330574186E-02   0.5750601501617414E-02
  0.5774651372085486E-02   0.5775859992393948E-02
  0.5799002151951543E-02   0.5800227772394143E-02
  0.5824904941534049E-02   0.5826148825875942E-02
  0.5849899756333616E-02   0.5851161441486746E-02
  0.5873945326032838E-02   0.5875224301022433E-02
  0.5899579550231142E-02   0.5900877136580278E-02
  0.5924245535245831E-02   0.5925561205496289E-02
  0.5949223506080781E-02   0.5950557665320015E-02
  0.5974520095470124E-02   0.5975873161372357E-02
  0.5998785380115384E-02   0.6000156754727447E-02
  0.6024722230641051E-02   0.6026113363322405E-02
  0.6049606898230090E-02   0.6051017171128324E-02
  0.6074802480263951E-02   0.6076232316744297E-02
  0.6098889673744477E-02   0.6100338387379388E-02
  0.6124708675360791E-02   0.6126177813433857E-02
  0.6149396818586585E-02   0.6150885671384937E-02
  0.6174385928265635E-02   0.6175894921118368E-02
  0.6199682169423513E-02   0.6201211740386623E-02
  0.6223776637928816E-02   0.6225325988516394E-02
  0.6249687349014328E-02   0.6251258166241865E-02
  0.6274371871677488E-02   0.6275963329564526E-02
  0.6299351207082934E-02   0.6300963741725438E-02
  0.6324631270606255E-02   0.6326265330878608E-02
  0.6348609859384003E-02   0.6350264519387744E-02
  0.6374490048067246E-02   0.6376167141573843E-02
  0.6399042405246819E-02   0.6400740974246718E-02
  0.6423880659456122E-02   0.6425601146155665E-02
  0.6449010402514062E-02   0.6450753261746584E-02
  0.6474437380562796E-02   0.6476203080251581E-02
  0.6498442606438635E-02   0.6500230058024380E-02
  0.6524461131555638E-02   0.6526272367184100E-02
  0.6549029191569615E-02   0.6550863084743602E-02
  0.6573876885454756E-02   0.6575733892013767E-02
  0.6599009558346744E-02   0.6600890146847111E-02
  0.6624432699521239E-02   0.6626337351691621E-02
  0.6648304915827729E-02   0.6650232356100039E-02
  0.6674304303606169E-02   0.6676256775571322E-02
  0.6698721731011945E-02   0.6700697914776357E-02
  0.6723409113883265E-02   0.6725409472623918E-02
  0.6748371463386561E-02   0.6750396472824924E-02
  0.6773613921891748E-02   0.6775664070729891E-02
  0.6799141767422199E-02   0.6801217557797468E-02
  0.6824960418290497E-02   0.6827062366249722E-02
  0.6849055939203636E-02   0.6851182503103142E-02
  0.6873408474974620E-02   0.6875560118509941E-02
  0.6900085762811141E-02   0.6902265113273371E-02
  0.6924988660885201E-02   0.6927194096378314E-02
  0.6948054773374832E-02   0.6950284561126168E-02
  0.6973482566759101E-02   0.6975739414160343E-02
  0.6999191584171345E-02   0.7001476019691713E-02
  0.7023009688647374E-02   0.7025319889737961E-02
  0.7049272432207694E-02   0.7051611274748079E-02
  0.7073607244425659E-02   0.7075972843402015E-02
  0.7098195819400441E-02   0.7100588667300967E-02
  0.7123042598309150E-02   0.7125463200188741E-02
  0.7148152131911514E-02   0.7150601005803232E-02
  0.7173529084050886E-02   0.7176006761393990E-02
  0.7199178235293016E-02   0.7201685261378205E-02
  0.7225104486708886E-02   0.7227641421141695E-02
  0.7248918491394652E-02   0.7251483113284374E-02
  0.7272969524046617E-02   0.7275562319577109E-02
  0.7299704154145690E-02   0.7302328516356814E-02
  0.7324265940750914E-02   0.7326919536546132E-02
  0.7349077332380575E-02   0.7351760685845012E-02
  0.7374142585399665E-02   0.7376856233643373E-02
  0.7399466058483345E-02   0.7402210552056641E-02
  0.7425052215800571E-02   0.7427828119125628E-02
  0.7448308129661148E-02   0.7451112796169976E-02
  0.7474406078237215E-02   0.7477243266737623E-02
  0.7498130293596863E-02   0.7500997270645412E-02
  0.7524757325543198E-02   0.7527657991790533E-02
  0.7548965772703222E-02   0.7551897303882809E-02
  0.7573409372539600E-02   0.7576372297259500E-02
  0.7598091956771155E-02   0.7601086816187798E-02
  0.7623017445099693E-02   0.7626044793299981E-02
  0.7648189847824509E-02   0.7651250252222245E-02
  0.7673613268552629E-02   0.7676707310299718E-02
  0.7699291907008679E-02   0.7702420181421943E-02
  0.7722335093167769E-02   0.7725494308188740E-02
  0.7748507620692069E-02   0.7751702233094089E-02
  0.7774948065551115E-02   0.7778178714120836E-02
  0.7798679319481114E-02   0.7801942549376856E-02
  0.7822629202063117E-02   0.7825925542195859E-02
  0.7849838357874825E-02   0.7853172594066701E-02
  0.7874264132612696E-02   0.7877632642912873E-02
  0.7898919337624741E-02   0.7902322689282756E-02
  0.7923807587170881E-02   0.7927246360448741E-02
  0.7948932575725737E-02   0.7952407364280769E-02
  0.7974298080282098E-02   0.7977809491563631E-02
  0.7999907962735815E-02   0.8003456618396229E-02
  0.8022520178581530E-02   0.8026101944512311E-02
  0.8048598984738684E-02   0.8052219200423299E-02
  0.8074933767412879E-02   0.8078593097765546E-02
  0.8098189994182190E-02   0.8101884107828531E-02
  0.8125016170492098E-02   0.8128750688878326E-02
  0.8148709061451074E-02   0.8152479517529843E-02
  0.8172610427563252E-02   0.8176417378155837E-02
  0.8196723344096327E-02   0.8200567357979107E-02
  0.8224544034216652E-02   0.8228431118379904E-02
  0.8249120927932632E-02   0.8253046335994805E-02
  0.8273919461160914E-02   0.8277883801666398E-02
  0.8298942985278664E-02   0.8302946880164733E-02
  0.8324194923039310E-02   0.8328239008014155E-02
  0.8349678770538934E-02   0.8353763695472739E-02
  0.8371709354770463E-02   0.8375829813657511E-02
  0.8397633425789912E-02   0.8401795970500952E-02
  0.8423799817953621E-02   0.8428005141100089E-02
  0.8446423899140168E-02   0.8450666452745555E-02
  0.8473050457899667E-02   0.8477337118494806E-02
  0.8499930415512974E-02   0.8504261922099831E-02
  0.8523175127550145E-02   0.8527545674744227E-02
  0.8546611580603939E-02   0.8551021735061323E-02
  0.8574199987480779E-02   0.8578657081820935E-02
  0.8598061041165110E-02   0.8602559010007569E-02
  0.8622122407973026E-02   0.8626661855078700E-02
  0.8646386906303236E-02   0.8650968447790661E-02
  0.8674956061054222E-02   0.8679587508296577E-02
  0.8699670614355004E-02   0.8704345534855707E-02
  0.8724597599304312E-02   0.8729316650503900E-02
  0.8749740076575387E-02   0.8754503929693749E-02
  0.8775101168934551E-02   0.8779910509341265E-02
  0.8796404707143966E-02   0.8801252487643012E-02
  0.8822174916983718E-02   0.8827069479310092E-02
  0.8848172941414394E-02   0.8853115013147997E-02
  0.8874402156784957E-02   0.8879392481192010E-02
  0.8896438924999403E-02   0.8901470039356912E-02
  0.8923100994740739E-02   0.8928181766616821E-02
  0.8950004210800706E-02   0.8955135430310658E-02
  0.8972610402545798E-02   0.8977784277871595E-02
  0.8999965274607937E-02   0.9005191091738921E-02
  0.9022953117794410E-02   0.9028222861243093E-02
  0.9046118003405714E-02   0.9051432267944392E-02
  0.9074152781144887E-02   0.9079521271817942E-02
  0.9097715258789985E-02   0.9103129618700693E-02
  0.9121462235517862E-02   0.9126923096094079E-02
  0.9145396131658367E-02   0.9150904136370687E-02
  0.9174367014600514E-02   0.9179932459049273E-02
  0.9198720874793488E-02   0.9204334922867926E-02
  0.9223269705035619E-02   0.9228933040765249E-02
  0.9248016120652897E-02   0.9253729441407104E-02
  0.9272962786349764E-02   0.9278726803171331E-02
  0.9298112417414250E-02   0.9303927855363020E-02
  0.9323467780959235E-02   0.9329335379466362E-02
  0.9349031697201166E-02   0.9354952210434354E-02
  0.9374807040777526E-02   0.9380781238017558E-02
  0.9395581510649374E-02   0.9401599219380639E-02
  0.9421744846451939E-02   0.9427817663227693E-02
  0.9448127959810511E-02   0.9454256698333250E-02
  0.9474733944904475E-02   0.9480919435531705E-02
  0.9496181319031204E-02   0.9502412820670362E-02
  0.9523196467350236E-02   0.9529486259112489E-02
  0.9544975370922013E-02   0.9551312427047865E-02
  0.9572410277944855E-02   0.9578807220265391E-02
  0.9600083104663676E-02   0.9606540846002484E-02
  0.9622394990075483E-02   0.9628902040808907E-02
  0.9644863159648916E-02   0.9651420126438961E-02
  0.9673170941523737E-02   0.9679791172273279E-02
  0.9695997498434143E-02   0.9702669048371521E-02
  0.9724759229230662E-02   0.9731495830985931E-02
  0.9747953803130304E-02   0.9754743182163857E-02
  0.9771315126258971E-02   0.9778157948971888E-02
  0.9794845206134419E-02   0.9801742150584143E-02
  0.9824498233574463E-02   0.9831463801894634E-02
  0.9848415533427350E-02   0.9855436793096911E-02
  0.9872508353151468E-02   0.9879586021952736E-02
  0.9896778850002799E-02   0.9903913658535405E-02
  0.9921229218539355E-02   0.9928421910513590E-02
  0.9945861691454604E-02   0.9953113023992922E-02
  0.9970678540433740E-02   0.9977989284380758E-02
  0.9995682077033531E-02   0.1000305301727477E-01
  0.1002087465358658E-01   0.1002830658937627E-01
  0.1004625866413083E-01   0.1005375240942909E-01
  0.1007183654536498E-01   0.1007939292918462E-01
  0.1009761077763096E-01   0.1010523064439429E-01
  0.1012358388592395E-01   0.1013126809582998E-01
  0.1014975844093143E-01   0.1015750787033372E-01
  0.1016952312936325E-01   0.1017732205843170E-01
  0.1019605654310460E-01   0.1020392226533610E-01
  0.1022279871738571E-01   0.1023073215559879E-01
  0.1024975240401140E-01   0.1025775449869781E-01
  0.1027010815809555E-01   0.1027816237321060E-01
  0.1029743876709324E-01   0.1030556332838092E-01
  0.1032498872282833E-01   0.1033318462165874E-01
  0.1034579690824686E-01   0.1035404697245453E-01
  0.1037373785193560E-01   0.1038206103548186E-01
  0.1039484274904180E-01   0.1040322145728057E-01
  0.1042318401671935E-01   0.1043163768804886E-01
  0.1044459274437970E-01   0.1045310334720995E-01
  0.1047334398717662E-01   0.1048193146158016E-01
  0.1049506390568526E-01   0.1050370976802765E-01
  0.1052423510363331E-01   0.1053295981368865E-01
  0.1054627382534182E-01   0.1055505843165889E-01
  0.1056845157213393E-01   0.1057729673760527E-01
  0.1059824070245117E-01   0.1060716766221729E-01
  0.1062074858682207E-01   0.1062973769234931E-01
  0.1064340047429601E-01   0.1065245242312846E-01
  0.1067382966433125E-01   0.1068296650807963E-01
  0.1069682359602971E-01   0.1070602495323124E-01
  0.1071996676200607E-01   0.1072923336720035E-01
  0.1074326078345404E-01   0.1075259338276514E-01
  0.1077455699127607E-01   0.1078397876384184E-01
  0.1079820945348407E-01   0.1080769900749906E-01
  0.1082201835675320E-01   0.1083157647867947E-01
  0.1084598543317866E-01   0.1085561292211959E-01
  0.1087011244182260E-01   0.1087981010978325E-01
  0.1089440116925641E-01   0.1090416984141035E-01
  0.1091885343011626E-01   0.1092869394507923E-01
  0.1094347106767249E-01   0.1095338427778292E-01
  0.1096825595441315E-01   0.1097824272601990E-01
  0.1099320999264209E-01   0.1100327120639955E-01
  0.1101833511509226E-01   0.1102847166626297E-01
  0.1104363328555424E-01   0.1105384608431946E-01
  0.1106910649952091E-01   0.1107939647129916E-01
  0.1109475678484851E-01   0.1110512487062243E-01
  0.1112058620243456E-01   0.1113103335908640E-01
  0.1114659684691327E-01   0.1115712404756914E-01
  0.1117279084736893E-01   0.1118339908175219E-01
  0.1119917036806775E-01   0.1120986064286185E-01
  0.1121686086701835E-01   0.1122760640323187E-01
  0.1124355449554691E-01   0.1125438378868216E-01
  0.1127043959346985E-01   0.1128135369728534E-01
  0.1129751846063070E-01   0.1130851844726051E-01
  0.1132479343573274E-01   0.1133588039609717E-01
  0.1134308687418752E-01   0.1135423243257638E-01
  0.1137069400121905E-01   0.1138192839444155E-01
  0.1139850366923812E-01   0.1140982804040569E-01
  0.1141715719787741E-01   0.1142854219945421E-01
  0.1144530998568371E-01   0.1145678691593443E-01
  0.1147367204687182E-01   0.1148524210432654E-01
  0.1149269763544640E-01   0.1150433045423142E-01
  0.1154067875191134E-01   0.1155247088975811E-01
  0.1156975746674336E-01   0.1158164688620043E-01
  0.1159905708087077E-01   0.1161104507805023E-01
  0.1161871426481732E-01   0.1163076871234188E-01
  0.1164838831564529E-01   0.1166054355456823E-01
  0.1166829778388175E-01   0.1168052097174917E-01
  0.1169835431469621E-01   0.1171068057680815E-01
  0.1171852150990498E-01   0.1173091726658940E-01
  0.1174896880796661E-01   0.1176146999369294E-01
  0.1176939933863887E-01   0.1178197161349342E-01
  0.1178993681225542E-01   0.1180258082820344E-01
  0.1182094559176774E-01   0.1183369845993603E-01
  0.1184175454382824E-01   0.1185458081951527E-01
  0.1187317503384198E-01   0.1188611270141454E-01
  0.1189426149811918E-01   0.1190727429351589E-01
  0.1191546069891457E-01   0.1192854932584255E-01
  0.1194747308972934E-01   0.1196067680341144E-01
  0.1196895856996565E-01   0.1198223991470928E-01
  0.1199056037088688E-01   0.1200392008301300E-01
  0.1202318348135299E-01   0.1203666214635418E-01
  0.1204508072164522E-01   0.1205863963749825E-01
  0.1206709802836236E-01   0.1208073796595528E-01
  0.1208923650270338E-01   0.1210295824317911E-01
  0.1212267384736358E-01   0.1213651977966993E-01
  0.1214512015222026E-01   0.1215904988628728E-01
  0.1216769159221207E-01   0.1218170594647455E-01
  0.1219038933428791E-01   0.1220448913825080E-01
  0.1222467535420535E-01   0.1223890491272942E-01
  0.1224769405788201E-01   0.1226201118956909E-01
  0.1227084327009603E-01   0.1228524884473348E-01
  0.1229412422868074E-01   0.1230861912802152E-01
  0.1231753818796800E-01   0.1233212330594148E-01
  0.1234108641907187E-01   0.1235576266199921E-01
  0.1236477021017847E-01   0.1237953849699259E-01
  0.1238859086684190E-01   0.1240345212931225E-01
  0.1242458137421676E-01   0.1243958387588544E-01
  0.1244875002329331E-01   0.1246384788772110E-01
  0.1247306024856073E-01   0.1248825445428669E-01
  0.1249751343756359E-01   0.1251280497703716E-01
  0.1252211099695892E-01   0.1253750087679310E-01
  0.1254685435285593E-01   0.1256234359408627E-01
  0.1257174495116328E-01   0.1258733458951260E-01
  0.1259678425794392E-01   0.1261247534409284E-01
  0.1262197375977766E-01   0.1263776735964138E-01
  0.1264731496413184E-01   0.1266321215914310E-01
  0.1269845861698981E-01   0.1271456631011792E-01
  0.1267280939974013E-01   0.1268881128713855E-01
  0.1272426418831778E-01   0.1274047881692372E-01
  0.1275022770861525E-01   0.1276655041916249E-01
  0.1273722610427624E-01   0.1275349462948791E-01
  0.1276326920427260E-01   0.1277964639102428E-01
  0.1278947268858524E-01   0.1280595970900976E-01
  0.1281583821007284E-01   0.1283243625382426E-01
  0.1284236744553872E-01   0.1285907772012787E-01
  0.1289592388803897E-01   0.1291286231998836E-01
  0.1286906209617864E-01   0.1288588582731657E-01
  0.1292295457248535E-01   0.1294000896842034E-01
  0.1297752975408313E-01   0.1299481994500752E-01
  0.1293653380377107E-01   0.1295364666139942E-01
  0.1296382116747566E-01   0.1298105192011771E-01
  0.1299128191612634E-01   0.1300863187586524E-01
  0.1301891789355610E-01   0.1303638839271430E-01
  0.1307472304845155E-01   0.1309243870638276E-01
  0.1304673097116486E-01   0.1306432336270417E-01
  0.1310289605355881E-01   0.1312073637336146E-01
  0.1306070451501736E-01   0.1307835836666943E-01
  0.1308878681338463E-01   0.1310656462645816E-01
  0.1311705101455900E-01   0.1313495419542842E-01
  0.1317413304402533E-01   0.1319229126852507E-01
  0.1314549909069876E-01   0.1316352906785585E-01
  0.1320295490741515E-01   0.1322124285333237E-01
  0.1318852035869362E-01   0.1320674325818587E-01
  0.1321743694918872E-01   0.1323579031591412E-01
  0.1327584529693375E-01   0.1329446415079479E-01
  0.1324654455786953E-01   0.1326502990131392E-01
  0.1326117065281614E-01   0.1327972255822411E-01
  0.1329056875938358E-01   0.1330925495129153E-01
  0.1334995624945071E-01   0.1336891575269599E-01
  0.1332016322641415E-01   0.1333898527577462E-01
  0.1337995005855679E-01   0.1339904863812860E-01
  0.1333503477986991E-01   0.1335392535500574E-01
  0.1336492791499857E-01   0.1338395675195527E-01
  0.1342532221121496E-01   0.1344463250559045E-01
  0.1339502296439214E-01   0.1341419169881896E-01
  0.1341014691901757E-01   0.1342938622391021E-01
  0.1347115903558086E-01   0.1349068484710753E-01
  0.1344054913205835E-01   0.1345993083837563E-01
  0.1350197900491839E-01   0.1352165065370600E-01
  0.1351746851698469E-01   0.1353721374291944E-01
  0.1348654261208123E-01   0.1350614112394194E-01
  0.1354860812258560E-01   0.1356850183817830E-01
  0.1357996390122547E-01   0.1360000791185920E-01
  0.1359572363901858E-01   0.1361584348367860E-01
  0.1356425883419272E-01   0.1358422746974576E-01
  0.1362740840108627E-01   0.1364768130614254E-01
  0.1364333406897295E-01   0.1366368420825735E-01
  0.1361153836547368E-01   0.1363173450697188E-01
  0.1367535360730664E-01   0.1369585964307268E-01
  0.1369144813734282E-01   0.1371203284347882E-01
  0.1365931569489906E-01   0.1367974354307463E-01
  0.1372380838858737E-01   0.1374455190034543E-01
  0.1374007478587555E-01   0.1376089844127087E-01
  0.1377278183510506E-01   0.1379376728073645E-01
  0.1378922318015071E-01   0.1381029028104563E-01
  0.1382228326567400E-01   0.1384351521940915E-01
  0.1383890271683558E-01   0.1386021787710317E-01
  0.1387232223519307E-01   0.1389380539151465E-01
  0.1388912303122999E-01   0.1391069098633183E-01
  0.1392290854239133E-01   0.1394464772009775E-01
  0.1393989400511459E-01   0.1396171961621960E-01
  0.1397405223788637E-01   0.1399605238432372E-01
  0.1399122577491683E-01   0.1401331403319096E-01
  0.1402576363257072E-01   0.1404802982804108E-01
  0.1404312874021010E-01   0.1406548477128549E-01
  0.1400846277587474E-01   0.1403063971546199E-01
  0.1406055849743082E-01   0.1408300494904416E-01
  0.1409561357256196E-01   0.1411824264119449E-01
  0.1411323970525965E-01   0.1413596098109841E-01
  0.1414869122474904E-01   0.1417159873967349E-01
  0.1416651744798782E-01   0.1418951900589429E-01
  0.1420237294035616E-01   0.1422556445934912E-01
  0.1422040306833850E-01   0.1424369051693242E-01
  0.1418441121068108E-01   0.1420750743470549E-01
  0.1423850202979519E-01   0.1426188604847222E-01
  0.1427490821327316E-01   0.1429848731730802E-01
  0.1429321632523671E-01   0.1431689395659478E-01
  0.1425667026377898E-01   0.1428015149894008E-01
  0.1431159505065049E-01   0.1433537187391294E-01
  0.1434856616614154E-01   0.1437254339184965E-01
  0.1436715947871254E-01   0.1439123792759501E-01
  0.1440456395126050E-01   0.1442884692254791E-01
  0.1442337605915508E-01   0.1444776234276732E-01
  0.1438582524981790E-01   0.1441000561172416E-01
  0.1444226205397897E-01   0.1446675235952585E-01
  0.1448025764844719E-01   0.1450495815376283E-01
  0.1455715711800417E-01   0.1458228684061076E-01
  0.1449936823132686E-01   0.1452417492821802E-01
  0.1446122242062370E-01   0.1448581746446202E-01
  0.1451855466771336E-01   0.1454346829327520E-01
  0.1457657415217148E-01   0.1460181305758009E-01
  0.1453781746068522E-01   0.1456283875909559E-01
  0.1459606908048478E-01   0.1462141793464916E-01
  0.1461564242509608E-01   0.1464110200140899E-01
  0.1465502647644561E-01   0.1468070984745334E-01
  0.1473475910216335E-01   0.1476089968102521E-01
  0.1467483825229240E-01   0.1470063471119227E-01
  0.1475489640143537E-01   0.1478115333243196E-01
  0.1463529471307046E-01   0.1466086579245606E-01
  0.1469473058277618E-01   0.1472064093365549E-01
  0.1471470401521909E-01   0.1474072907008066E-01
  0.1483627906695295E-01   0.1486300985379452E-01
  0.1477511647621092E-01   0.1480149059569604E-01
  0.1485683598482360E-01   0.1488368738987380E-01
  0.1479541989508130E-01   0.1482191204773234E-01
  0.1481580723212040E-01   0.1484241827104449E-01
  0.1493992639224476E-01   0.1496726914989767E-01
  0.1487747857666730E-01   0.1490445147897497E-01
  0.1489820743918050E-01   0.1492530272666500E-01
  0.1498199773559934E-01   0.1500959162444274E-01
  0.1491902317489368E-01   0.1494624174445943E-01
  0.1500316710869423E-01   0.1503088795944240E-01
  0.1496091770565391E-01   0.1498838556661945E-01
  0.1502442645776500E-01   0.1505227521403049E-01
  0.1504577642193079E-01   0.1507375403703765E-01
  0.1508875078397246E-01   0.1511698901622213E-01
  0.1517581572806577E-01   0.1520458707625311E-01
  0.1511037649228234E-01   0.1513874650290434E-01
  0.1513209543672296E-01   0.1516059821918753E-01
  0.1506721764668404E-01   0.1509532508379581E-01
  0.1519781843908177E-01   0.1522672560231162E-01
  0.1515390828911260E-01   0.1518254484726205E-01
  0.1521991711463488E-01   0.1524896112870661E-01
  0.1524211245426575E-01   0.1527129436591899E-01
  0.1528679595981500E-01   0.1531625685135323E-01
  0.1537735452608032E-01   0.1540738643635800E-01
  0.1533187469695432E-01   0.1536161889036371E-01
  0.1542324142996071E-01   0.1545356556768477E-01
  0.1526440516467447E-01   0.1529372603173703E-01
  0.1535456410400227E-01   0.1538445159805859E-01
  0.1544633943882060E-01   0.1547681141232772E-01
  0.1530928556099119E-01   0.1533888755746278E-01
  0.1540024671488349E-01   0.1543042416898554E-01
  0.1546954151703905E-01   0.1550016249102539E-01
  0.1549284844836853E-01   0.1552361960023996E-01
  0.1551626102484929E-01   0.1554718354489893E-01
  0.1553978004692234E-01   0.1557085513851116E-01
  0.1556340632354438E-01   0.1559463520328481E-01
  0.1558714067230459E-01   0.1561852457024739E-01
  0.1561098391954347E-01   0.1564252407936776E-01
  0.1563493690047358E-01   0.1566663457968016E-01
  0.1565900045930243E-01   0.1569085692941041E-01
  0.1575637767963362E-01   0.1578888231598101E-01
  0.1568317544935738E-01   0.1571519199610424E-01
  0.1578100711475641E-01   0.1581367711700171E-01
  0.1570746273321269E-01   0.1573964065675793E-01
  0.1573186318281879E-01   0.1576420379795093E-01
  0.1585559410845633E-01   0.1588876843033061E-01
  0.1593124858108808E-01   0.1596493988808627E-01
  0.1580575238906367E-01   0.1583858911716201E-01
  0.1588069240543825E-01   0.1591403762690680E-01
  0.1595670837417403E-01   0.1599057490019674E-01
  0.1583061441334748E-01   0.1586361924274860E-01
  0.1590591024568657E-01   0.1593942779005532E-01
  0.1598229059827352E-01   0.1601633381662882E-01
  0.1603382628775924E-01   0.1606822737961754E-01
  0.1605978175521319E-01   0.1609436406334366E-01
  0.1600799623766980E-01   0.1604221763883011E-01
  0.1608586365814269E-01   0.1612062872606619E-01
  0.1611207302626613E-01   0.1614702241572064E-01
  0.1621820616097041E-01   0.1625390882801368E-01
  0.1613841090107998E-01   0.1617354619229581E-01
  0.1616487833603251E-01   0.1620020112801283E-01
  0.1627206517450571E-01   0.1630815434513969E-01
  0.1635386914735749E-01   0.1639055085503009E-01
  0.1646488488741826E-01   0.1650238138790092E-01
  0.1654964619391543E-01   0.1658777311874705E-01
  0.1666472432216923E-01   0.1670371878236797E-01
  0.1675262552190387E-01   0.1679229172328250E-01
  0.1684193222006940E-01   0.1688228901838761E-01
  0.1619147639670071E-01   0.1622698830750707E-01
  0.1624506871921973E-01   0.1628096379955636E-01
  0.1632646425295549E-01   0.1636294671652949E-01
  0.1629919664275461E-01   0.1633548160094493E-01
  0.1638141248167078E-01   0.1641829519336967E-01
  0.1640909542527109E-01   0.1644618092246833E-01
  0.1643691916140818E-01   0.1647420924745790E-01
  0.1652124717013602E-01   0.1655916206689252E-01
  0.1649299381494020E-01   0.1653069857801351E-01
  0.1657819214216467E-01   0.1661653301313431E-01
  0.1663572991190358E-01   0.1667450452592374E-01
  0.1672317078459010E-01   0.1676261101261819E-01
  0.1660688628597964E-01   0.1664544304520009E-01
  0.1669387083494574E-01   0.1673308715793342E-01
  0.1678223641439440E-01   0.1682213068391833E-01
  0.1687201995422334E-01   0.1691261126836698E-01
  0.1681200484654156E-01   0.1685212930592462E-01
  0.1690226948605273E-01   0.1694309752118750E-01
  0.1699400351123716E-01   0.1703555523020898E-01
  0.1708724722010426E-01   0.1712954353359725E-01
  0.1696325978168941E-01   0.1700456798976734E-01
  0.1705599569012603E-01   0.1709804143081912E-01
  0.1715026901183624E-01   0.1719307375370861E-01
  0.1724612269546433E-01   0.1728970878003925E-01
  0.1718204247491023E-01   0.1722510513755691E-01
  0.1727843278109444E-01   0.1732228443544664E-01
  0.1737646337113941E-01   0.1742112759445857E-01
  0.1747618129372086E-01   0.1752168264780337E-01
  0.1693268227069896E-01   0.1697374926073649E-01
  0.1702491497054677E-01   0.1706671252348167E-01
  0.1711867113055681E-01   0.1716122043366940E-01
  0.1721399315170642E-01   0.1725731625058163E-01
  0.1734360138817533E-01   0.1738799207576273E-01
  0.1744275152299901E-01   0.1748797104148405E-01
  0.1754362141172666E-01   0.1758969500854739E-01
  0.1764626134378255E-01   0.1769321534134531E-01
  0.1757763550854744E-01   0.1762399959281949E-01
  0.1768087698732390E-01   0.1772813049546184E-01
  0.1775072369152959E-01   0.1779858554633296E-01
  0.1778595882131070E-01   0.1783412960166571E-01
  0.1785706302250998E-01   0.1790586138827363E-01
  0.1796533621916687E-01   0.1801510101428844E-01
  0.1731092510554486E-01   0.1735504494896020E-01
  0.1740951281977431E-01   0.1745445330747698E-01
  0.1750980396925067E-01   0.1755559000284562E-01
  0.1761184817281420E-01   0.1765850571000462E-01
  0.1789293633599516E-01   0.1794205345612734E-01
  0.1800186721343685E-01   0.1805196102909209E-01
  0.1807560260664387E-01   0.1812636508633822E-01
  0.1771569709639699E-01   0.1776325320884056E-01
  0.1782140456289362E-01   0.1786988749796182E-01
  0.1792902666932539E-01   0.1797846591607994E-01
  0.1811281162290163E-01   0.1816391385179585E-01
  0.1815025131944313E-01   0.1820169698113868E-01
  0.1818792408931411E-01   0.1823971692282234E-01
  0.1803862191187773E-01   0.1808904827160766E-01
  0.1822583236045593E-01   0.1827797616126669E-01
  0.1826397859636253E-01   0.1831647721753787E-01
  0.1830236529675254E-01   0.1835522265004629E-01
  0.1834099499825693E-01   0.1839421505526090E-01
  0.1837987027512273E-01   0.1843345706844019E-01
  0.1841899373993314E-01   0.1847295136438060E-01
  0.1849799587984164E-01   0.1855270770603416E-01
  0.1853787997850839E-01   0.1859297530601518E-01
  0.1857802311382026E-01   0.1863350629891838E-01
  0.1861842810145303E-01   0.1867430356909185E-01
  0.1870003511238155E-01   0.1875670870161425E-01
  0.1874124298559383E-01   0.1879832255830327E-01
  0.1882448243328481E-01   0.1888238819051824E-01
  0.1845836804434469E-01   0.1851270065818246E-01
  0.1886652013429671E-01   0.1892484624607978E-01
  0.1895144716890818E-01   0.1901062891013593E-01
  0.1903753119937147E-01   0.1909758901098639E-01
  0.1865909780011208E-01   0.1871537004530148E-01
  0.1878272441272051E-01   0.1884021468277477E-01
  0.1899434292270253E-01   0.1905396010211062E-01
  0.1908101533821379E-01   0.1914151906206749E-01
  0.1916888482875001E-01   0.1923029657037945E-01
  0.1925797920100457E-01   0.1932032115917962E-01
  0.1890884065121080E-01   0.1896759206405987E-01
  0.1930299465586759E-01   0.1936581028214524E-01
  0.1943995841949361E-01   0.1950423046844577E-01
  0.1957987877985518E-01   0.1964566254595169E-01
  0.1967485463402179E-01   0.1974167837625556E-01
  0.1921327713154017E-01   0.1927515116004169E-01
  0.1934832717430687E-01   0.1941162230482268E-01
  0.1953290359982274E-01   0.1959817713867939E-01
  0.1962719441405816E-01   0.1969349487664452E-01
  0.1972286364186244E-01   0.1979021736338209E-01
  0.1939398049521491E-01   0.1945776106594499E-01
  0.1948626481138262E-01   0.1955103448084627E-01
  0.1977122571177804E-01   0.1983911623134739E-01
  0.1981994519164533E-01   0.1988837944987142E-01
  0.1912479873213326E-01   0.1918575373608977E-01
  0.1986902650466083E-01   0.1993801156678756E-01
  0.1991847415102644E-01   0.1998801720980662E-01
  0.1996829270968149E-01   0.2003840108832983E-01
  0.2001848684008266E-01   0.2008916799531237E-01
  0.2006906128403330E-01   0.2014032280917917E-01
  0.2012002086756370E-01   0.2019187049579454E-01
  0.2017137050286433E-01   0.2024381611048780E-01
  0.2022311519027330E-01   0.2029616480013626E-01
  0.2032781017582887E-01   0.2040209246246660E-01
  0.2027526002032033E-01   0.2034892180530810E-01
  0.2038077093407846E-01   0.2045568220623828E-01
  0.2043414766902921E-01   0.2050969657174685E-01
  0.2054217106207785E-01   0.2061902182543921E-01
  0.2070746614462683E-01   0.2078633879816802E-01
  0.2081990496590648E-01   0.2090017373697628E-01
  0.2093419485960519E-01   0.2101590009804403E-01
  0.2065192536892963E-01   0.2073011460754386E-01
  0.2076345730404964E-01   0.2084302307131407E-01
  0.2087681536589738E-01   0.2095779722698419E-01
  0.2059682897243446E-01   0.2067434430833127E-01
  0.2099204992547488E-01   0.2107448903487372E-01
  0.2048794585361081E-01   0.2056414119701543E-01
  0.2110921332030547E-01   0.2119315250426132E-01
  0.2105038716788366E-01   0.2113357085343419E-01
  0.2116853524857316E-01   0.2125324107590165E-01
  0.2122835995424189E-01   0.2131384379845587E-01
  0.2134954640353488E-01   0.2143662134652904E-01
  0.2147283152963278E-01   0.2156154596221460E-01
  0.2159827659922191E-01   0.2168868097052377E-01
  0.2128869457805765E-01   0.2137496804723448E-01
  0.2172594541206355E-01   0.2181809234267561E-01
  0.2179063438561210E-01   0.2188367303998827E-01
  0.2185590443723362E-01   0.2194984883999564E-01
  0.2192176431647945E-01   0.2201662879901191E-01
  0.2141092286064669E-01   0.2149881137350421E-01
  0.2205528948875685E-01   0.2215203839543545E-01
  0.2153528014492880E-01   0.2162483310775139E-01
  0.2166182894763779E-01   0.2175309788068030E-01
  0.2212297322903311E-01   0.2222068713791537E-01
  0.2198822295842489E-01   0.2208402216749592E-01
  0.2219128370211990E-01   0.2228997826087652E-01
  0.2232982397866527E-01   0.2243052820224130E-01
  0.2226023063781523E-01   0.2235992184707382E-01
  0.2240007388598182E-01   0.2250180786147270E-01
  0.2247099074606903E-01   0.2257377159582684E-01
  0.2254258517666810E-01   0.2264643041916683E-01
  0.2261486803362919E-01   0.2271979559524314E-01
  0.2268785041781943E-01   0.2279387864503107E-01
  0.2276154368227796E-01   0.2286869135433294E-01
  0.2283595943962763E-01   0.2294424578165711E-01
  0.2291110956975470E-01   0.2302055426638505E-01
  0.2298700622776811E-01   0.2309762943723958E-01
  0.2306366185225034E-01   0.2317548422106727E-01
  0.2314108917381232E-01   0.2325413185194872E-01
  0.2321930122396637E-01   0.2333358588065165E-01
  0.2329831134433036E-01   0.2341386018444171E-01
  0.2354026839756240E-01   0.2365974863310096E-01
  0.2362261075905160E-01   0.2374344970466821E-01
  0.2370582289771882E-01   0.2382804570566338E-01
  0.2345878077035481E-01   0.2357692682033678E-01
  0.2387491855605190E-01   0.2399998716048309E-01
  0.2404768339837593E-01   0.2417570647383101E-01
  0.2422425202389679E-01   0.2435534406838395E-01
  0.2440476604550399E-01   0.2453904778505658E-01
  0.2458937456664427E-01   0.2472697339460610E-01
  0.2477823469842235E-01   0.2491928515303245E-01
  0.2497151212100136E-01   0.2511615640527550E-01
  0.2516938169385786E-01   0.2531777024225226E-01
  0.2537202811999494E-01   0.2552432021689443E-01
  0.2568538459565161E-01   0.2584385171190355E-01
  0.2590085254148804E-01   0.2606366473087511E-01
  0.2612183238678940E-01   0.2628918566933792E-01
  0.2646416373819051E-01   0.2663872369981589E-01
  0.2682030809609430E-01   0.2700259047096590E-01
  0.2719121964876194E-01   0.2738179265540138E-01
  0.2757794745152968E-01   0.2777743881312918E-01
  0.2812020353585216E-01   0.2833268086555121E-01
  0.2869573317464896E-01   0.2892262173830835E-01
  0.2930808258008248E-01   0.2955103351792099E-01
  0.2946738965403316E-01   0.2971464503056798E-01
  0.3066030349008106E-01   0.3094148814382361E-01
  0.3121782144425901E-01   0.3151591819109216E-01
  0.3141052370648419E-01   0.3171462658261502E-01
  0.3160683569352952E-01   0.3191714314723926E-01
  0.3180687144409321E-01   0.3212359111256124E-01
  0.3201075010192270E-01   0.3233409936188385E-01
  0.3221859621326407E-01   0.3254880277236838E-01
  0.3264671793063992E-01   0.3299136676117501E-01
  0.3286727263025896E-01   0.3321953047060006E-01
  0.3332211807944708E-01   0.3369043565573182E-01
  0.3404119762035564E-01   0.3443593400475009E-01
  0.3454724629549489E-01   0.3496134755655359E-01
  0.9928846180646875E-01   0.1141545056688090E+00
  0.1056061984053098E+00   0.1245532056317349E+00
  0.1130587501532911E+00   0.1382445974413779E+00
  0.1217640174076284E+00   0.1572632587372441E+00
  0.1311872380211754E+00   0.1856871645926723E+00
  0.1371798824640359E+00   0.2322877928965699E+00
  0.1161038928471286E+00   0.3114221012075535E+00
