 $IN
 LR      =  0.000000000000000E+000,
 LI      =  0.432751599366305     ,
 FAL     =   1.00010000000000     ,
 DLR     =  1.000000000000000E-008,
 DLI     =  1.000000000000000E-008,
 ALPHA   =  -2.00000000000000     ,
 FTOL    =  1.000000000000000E-005,
 ITMAX   =      100000,
 IALMAX  =      100000,
 IW      =         100
 $END
 alpha                    wr                       wi                       funk                    
809
 -0.1007381717343888E-01  -0.1134816609280422E-17  -0.1677435971070696E+01  -0.3535045539775552E+02
 -0.1017511162858059E-01   0.1136829760356699E-15  -0.1674898493654841E+01  -0.3499953086054096E+02
 -0.1027742462182615E-01   0.1381518879759079E-17  -0.1672358282906823E+01  -0.3512731466961607E+02
 -0.1038076639480101E-01  -0.2189962285800901E-18  -0.1669815331264479E+01  -0.3604364586857770E+02
 -0.1048514729211243E-01  -0.2281722774958281E-17  -0.1667269631134914E+01  -0.3494495059309922E+02
 -0.1059057776238494E-01  -0.1399522272997093E-17  -0.1664721174894349E+01  -0.3604334766753864E+02
 -0.1069706835930635E-01  -0.4574241172968747E-18  -0.1662169954887960E+01  -0.3563817379308054E+02
 -0.1080462974268409E-01   0.3547308238766260E-16  -0.1659615963429723E+01  -0.3492376482803856E+02
 -0.1091327267951232E-01   0.0000000000000000E+00  -0.1657059192802253E+01  -0.1200000000000000E+03
 -0.1102300804504970E-01  -0.1482575702703790E-16  -0.1654499635256645E+01  -0.3562329171076101E+02
 -0.1113384682390802E-01   0.0000000000000000E+00  -0.1651937283012312E+01  -0.1200000000000000E+03
 -0.1124580011115176E-01  -0.1392131547671468E-17  -0.1649372128256827E+01  -0.3604335481474558E+02
 -0.1135887911340873E-01   0.2295734643414661E-16  -0.1646804163145757E+01  -0.3511456113506874E+02
 -0.1147309514999185E-01  -0.9240979248097829E-18  -0.1644233379802499E+01  -0.3673627674652923E+02
 -0.1158845965403224E-01  -0.8230736902945455E-18  -0.1641659770318117E+01  -0.3604354968560557E+02
 -0.1170498417362367E-01  -0.4420976045107954-307  -0.1639083326751178E+01  -0.7063708084266962E+03
 -0.1182268037297853E-01   0.3199822624470483E-16  -0.1636504041127580E+01  -0.3633166948208165E+02
 -0.1194156003359545E-01  -0.1703768694119345E-17  -0.1633921905440392E+01  -0.3604321210795196E+02
 -0.1206163505543865E-01  -0.4903384887903296E-18  -0.1631336911649679E+01  -0.3673665465040381E+02
 -0.1218291745812907E-01   0.8324251866572556E-16  -0.1628749051682336E+01  -0.3547821603736386E+02
 -0.1230541938214764E-01  -0.5241884853741013E-16  -0.1626158317431916E+01  -0.3525620590683994E+02
 -0.1242915309005047E-01  -0.4144088679119185E-18  -0.1623564700758458E+01  -0.3673669703111637E+02
 -0.1255413096769640E-01  -0.2628907739550912E-17  -0.1620968193488318E+01  -0.3535024640891787E+02
 -0.1268036552548680E-01  -0.3460995378640747-307  -0.1618368787413990E+01  -0.7066343619489720E+03
 -0.1280786939961789E-01   0.3771956032789913E-17  -0.1615766474293936E+01  -0.3534997390294357E+02
 -0.1293665535334565E-01  -0.3246982061765103E-17  -0.1613161245852408E+01  -0.3512711070631069E+02
 -0.1306673627826340E-01   0.2256867609884455E-15  -0.1610553093779272E+01  -0.3401832707307769E+02
 -0.1319812519559226E-01   0.6156804727711257E-16  -0.1607942009729830E+01  -0.3504443279550371E+02
 -0.1333083525748463E-01  -0.1905789487355328E-18  -0.1605327985324641E+01  -0.3673677901130661E+02
 -0.1346487974834070E-01   0.7805044261651907E-18  -0.1602711012149342E+01  -0.3604356320150134E+02
 -0.1360027208613822E-01   0.1027350652475144E-17  -0.1600091081754466E+01  -0.3604349749733697E+02
 -0.1373702582377569E-01   0.6250195273012480E-16  -0.1597468185655261E+01  -0.3566055644226480E+02
 -0.1387515465042899E-01   0.9567156575668825E-16  -0.1594842315331505E+01  -0.3539056463840051E+02
 -0.1401467239292166E-01  -0.1218869385235443E-17  -0.1592213462227326E+01  -0.3494501688128598E+02
 -0.1415559301710903E-01   0.1147890922937694E-17  -0.1589581617751011E+01  -0.3604346053600961E+02
 -0.1429793062927618E-01  -0.2628322375318419E-17  -0.1586946773274824E+01  -0.3535025403095273E+02
 -0.1444169947755001E-01   0.4970081535794455E-18  -0.1584308920134816E+01  -0.3673665660659336E+02
 -0.1458691395332546E-01   0.5428078472188378E-18  -0.1581668049630637E+01  -0.3563816924244266E+02
 -0.1473358859270614E-01  -0.3674170236108127-307  -0.1579024153025348E+01  -0.7065988654707477E+03
 -0.1488173807795938E-01  -0.2701492428265835E-17  -0.1576377221545228E+01  -0.3535024222751903E+02
 -0.1503137723898595E-01   0.1962416623361849E-18  -0.1573727246379582E+01  -0.3604364782852819E+02
 -0.1518252105480454E-01  -0.1825051701383890E-16  -0.1571074218680547E+01  -0.3533865201770647E+02
 -0.1533518465505121E-01   0.9371818769922792E-16  -0.1568418129562901E+01  -0.3495771533425356E+02
 -0.1548938332149381E-01   0.4079515745578349-307  -0.1565758970103865E+01  -0.7064980476304302E+03
 -0.1564513248956176E-01   0.4632782786233337E-16  -0.1563096731342904E+01  -0.3491203788329081E+02
 -0.1580244774989112E-01  -0.1567454600858225E-17  -0.1560431404281537E+01  -0.3535041854666490E+02
 -0.1596134484988525E-01  -0.3274879517330991-307  -0.1557762979883126E+01  -0.7067201026392042E+03
 -0.1612183969529111E-01   0.3084146661618604E-17  -0.1555091449072687E+01  -0.3535016848512225E+02
 -0.1628394835179146E-01  -0.6499780967221577E-18  -0.1552416802736681E+01  -0.3535049123877342E+02
 -0.1644768704661307E-01   0.1340834218285805E-15  -0.1549739031722816E+01  -0.3472111533568203E+02
 -0.1661307217015102E-01   0.3089734508299195E-18  -0.1547058126839840E+01  -0.3604363992154919E+02
 -0.1678012027760945E-01   0.1411112016456003E-15  -0.1544374078857337E+01  -0.3450718759464915E+02
 -0.1694884809065874E-01  -0.2337099681908980E-17  -0.1541686878505520E+01  -0.3494495589084153E+02
 -0.1711927249910934E-01  -0.8807416105077088E-18  -0.1538996516475024E+01  -0.3604354473625058E+02
 -0.1729141056260248E-01  -0.4874801817628730E-18  -0.1536302983416697E+01  -0.3604362017927789E+02
 -0.1746527951231783E-01  -0.5278664312946751E-18  -0.1533606269941389E+01  -0.3604361454076665E+02
 -0.1764089675269841E-01  -0.2364563533743005-307  -0.1530906366619743E+01  -0.7071440583532948E+03
 -0.1781827986319272E-01  -0.6374817886545977E-17  -0.1528203263981978E+01  -0.3494441491185951E+02
 -0.1799744660001453E-01   0.5654659091107753E-16  -0.1525496952517677E+01  -0.3525053698593042E+02
 -0.1817841489792022E-01  -0.4358205310130928E-18  -0.1522787422675576E+01  -0.3604362715760024E+02
 -0.1836120287200414E-01   0.1361143363566211E-17  -0.1520074664863339E+01  -0.3604339818878390E+02
 -0.1854582881951188E-01   0.3155453865644099E-17  -0.1517358669447346E+01  -0.3512714373194056E+02
 -0.1873231122167190E-01  -0.5520678825004224E-17  -0.1514639426752473E+01  -0.3465709789596408E+02
 -0.1892066874554548E-01  -0.9418522723314944E-16  -0.1511916927061868E+01  -0.3511340218982885E+02
 -0.1911092024589532E-01   0.3293232667966794E-17  -0.1509191160616735E+01  -0.3535013633816345E+02
 -0.1930308476707292E-01   0.4948956714933938E-18  -0.1506462117616105E+01  -0.3604362004695256E+02
 -0.1949718154492493E-01  -0.5886290665571543E-16  -0.1503729788216613E+01  -0.3505722946103306E+02
 -0.1969323000871871E-01   0.3762846142365198E-17  -0.1500994162532273E+01  -0.3494482800000673E+02
 -0.1989124978308716E-01  -0.2226489662614577E-17  -0.1498255230634252E+01  -0.3604298383301646E+02
 -0.2009126068999323E-01   0.1252015856809276E-18  -0.1495512982550637E+01  -0.3673679211571226E+02
 -0.2029328275071403E-01  -0.1037453215845112E-17  -0.1492767408266207E+01  -0.3563812394454654E+02
 -0.2049733618784510E-01  -0.4068072223669297E-23  -0.1490018497722202E+01  -0.3604365338911715E+02
 -0.2070344142732457E-01  -0.7152056330092944E-18  -0.1487266240816090E+01  -0.3673652677810585E+02
 -0.2091161910047795E-01  -0.1731325367125045E-17  -0.1484510627401332E+01  -0.3604325331434602E+02
 -0.2112189004608324E-01  -0.1562860481367977E-15  -0.1481751647287143E+01  -0.3431855193421125E+02
 -0.2133427531245696E-01  -0.2154336877025830E-16  -0.1478989290238263E+01  -0.3598550198191976E+02
 -0.2154879615956111E-01   0.1238576003645889E-17  -0.1476223545974708E+01  -0.3604345009527616E+02
 -0.2176547406113128E-01   0.5109894755662746E-17  -0.1473454404171538E+01  -0.3465714329821535E+02
 -0.2198433070682624E-01  -0.6078998053228373E-18  -0.1470681854458610E+01  -0.3604360465047262E+02
 -0.2220538800439906E-01   0.1012344656550413E-15  -0.1467905886420338E+01  -0.3481399641930602E+02
 -0.2242866808189007E-01  -0.9879116834123673E-18  -0.1465126489595445E+01  -0.3604352531338657E+02
 -0.2265419328984197E-01  -0.1021203592598804E-17  -0.1462343653476721E+01  -0.3604351687534331E+02
 -0.2288198620353707E-01   0.3080051947039101E-16  -0.1459557367510774E+01  -0.3510792249200146E+02
 -0.2311206962525714E-01  -0.5882009806543064E-18  -0.1456767621097776E+01  -0.3673662031434318E+02
 -0.2334446658656594E-01  -0.1006254520107319E-15  -0.1453974403591220E+01  -0.3481679070269537E+02
 -0.2357920035061465E-01  -0.1943980693424052E-15  -0.1451177704297661E+01  -0.3434226760702381E+02
 -0.2381629441447061E-01  -0.3544399508194432E-16  -0.1448377512476468E+01  -0.3531146134752390E+02
 -0.2405577251146933E-01  -0.4024798557125862E-16  -0.1445573817339562E+01  -0.3586907689454716E+02
 -0.2429765861359027E-01   0.3086552053847788E-17  -0.1442766608051164E+01  -0.3535019988245266E+02
 -0.2454197693385641E-01  -0.1278170688079798E-17  -0.1439955873727537E+01  -0.3535045379619041E+02
 -0.2478875192875803E-01   0.1579614896795770E-17  -0.1437141603436720E+01  -0.3604333408129679E+02
 -0.2503800830070082E-01   0.3556718070209124E-18  -0.1434323786198273E+01  -0.3604363723651030E+02
 -0.2528977100047862E-01  -0.5105738803240043E-18  -0.1431502410983009E+01  -0.3673666777728340E+02
 -0.2554406522977100E-01  -0.2790437537786002E-18  -0.1428677466712731E+01  -0.3604364349687091E+02
 -0.2580091644366597E-01   0.1401290539589125E-17  -0.1425848942259964E+01  -0.3604340461693490E+02
 -0.2606035035320808E-01   0.1190652368523107E-15  -0.1423016826447688E+01  -0.3490073794229993E+02
 -0.2632239292797212E-01   0.0000000000000000E+00  -0.1420181108049069E+01  -0.1200000000000000E+03
 -0.2658707039866267E-01   0.8547422542884375E-18  -0.1417341775787184E+01  -0.3604356152026241E+02
 -0.2685440925973982E-01  -0.1784240597912591E-15  -0.1414498818334749E+01  -0.3471574311414197E+02
 -0.2712443627207135E-01  -0.9491543550848205E-18  -0.1411652224313847E+01  -0.3604354068444925E+02
 -0.2739717846561142E-01  -0.2800935624920984E-16  -0.1408801982295646E+01  -0.3511193805709309E+02
 -0.2767266314210637E-01  -0.9654249812061440E-17  -0.1405948080800125E+01  -0.3494375367079082E+02
 -0.2795091787782764E-01   0.6507351838745951E-17  -0.1403090508295792E+01  -0.3512652216427067E+02
 -0.2823197052633213E-01   0.2771944787889736E-17  -0.1400229253199401E+01  -0.3535026838395218E+02
 -0.2851584922125044E-01   0.3986893425221391E-18  -0.1397364303875671E+01  -0.3673672204172398E+02
 -0.2880258237910301E-01   0.9456701420575253E-16  -0.1394495648636998E+01  -0.3483553992142722E+02
 -0.2909219870214467E-01  -0.2767997448150043E-16  -0.1391623275743170E+01  -0.3559800371106082E+02
 -0.2938472718123776E-01   0.2760287078474780E-16  -0.1388747173401075E+01  -0.3595803887970711E+02
 -0.2968019709875414E-01   0.0000000000000000E+00  -0.1385867329764412E+01  -0.1200000000000000E+03
 -0.2997863803150639E-01   0.1857325558730876E-17  -0.1382983732933402E+01  -0.3604323297030184E+02
 -0.3028007985370845E-01   0.2527988995600598E-18  -0.1380096370954485E+01  -0.3604364561768243E+02
 -0.3058455273996608E-01  -0.3702505282001328-307  -0.1377205231820033E+01  -0.7066852108255179E+03
 -0.3089208716829738E-01   0.1132459550469870E-16  -0.1374310303468044E+01  -0.3602837518967196E+02
 -0.3120271392318363E-01  -0.5516737108178516E-18  -0.1371411573781848E+01  -0.3673665371126491E+02
 -0.3151646409865087E-01   0.7443335791135280E-16  -0.1368509030589802E+01  -0.3561999031334828E+02
 -0.3183336910138243E-01   0.4239175458440576E-18  -0.1365602661664987E+01  -0.3604363182144581E+02
 -0.3215346065386278E-01  -0.2735589917074144E-15  -0.1362692454724902E+01  -0.3460081387340749E+02
 -0.3247677079755297E-01  -0.7352215633511384E-18  -0.1359778397431157E+01  -0.3673654249977202E+02
 -0.3280333189609801E-01  -0.3084205271744647E-18  -0.1356860477389163E+01  -0.3673675526655231E+02
 -0.3313317663856651E-01   0.2410773650400721E-16  -0.1353938682147822E+01  -0.3493743068390035E+02
 -0.3346633804272288E-01   0.4584274943837396E-18  -0.1351012999199211E+01  -0.3604362849929103E+02
 -0.3380284945833242E-01  -0.7825150075601862E-16  -0.1348083415978269E+01  -0.3585904541404147E+02
 -0.3414274457049971E-01  -0.3864677760693055E-17  -0.1345149919862480E+01  -0.3479074680530485E+02
 -0.3448605740304047E-01   0.1785781626097827E-15  -0.1342212498171550E+01  -0.3464216394759070E+02
 -0.3483282232188742E-01   0.3298568888372531E-17  -0.1339271138167090E+01  -0.3535018757035689E+02
 -0.3518307403853028E-01  -0.3705569536220242E-17  -0.1336325827052292E+01  -0.3535010519986757E+02
 -0.3553684761349051E-01  -0.1410897792363911E-17  -0.1333376551971599E+01  -0.3604342143661990E+02
 -0.3589417845983080E-01  -0.9343879646142837E-16  -0.1330423300010385E+01  -0.3548942949697599E+02
 -0.3625510234670004E-01   0.7735658578084051E-16  -0.1327466058194621E+01  -0.3487335874055091E+02
 -0.3661965540291379E-01  -0.3937246505030990E-18  -0.1324504813490543E+01  -0.3604363546801468E+02
 -0.3698787412057083E-01  -0.3885074665906952E-17  -0.1321539552804320E+01  -0.3479074838085032E+02
 -0.3735979535870604E-01  -0.2906344895659941E-16  -0.1318570262981719E+01  -0.3686296756337421E+02
 -0.3773545634698004E-01   0.1493800444156366E-17  -0.1315596930807764E+01  -0.3563807457094462E+02
 -0.3811489468940592E-01   0.6202218151255684E-16  -0.1312619543006402E+01  -0.3598263247678933E+02
 -0.3849814836811336E-01  -0.1402205840485269E-17  -0.1309638086240154E+01  -0.3535045015380965E+02
 -0.3888525574715081E-01   0.3052772000408337-307  -0.1306652547109774E+01  -0.7069519035061975E+03
 -0.3927625557632568E-01   0.6114313791906906E-16  -0.1303662912153903E+01  -0.3475742203528385E+02
 -0.3967118699508321E-01  -0.8791583558307701E-18  -0.1300669167848721E+01  -0.3535048435298842E+02
 -0.4007008953642442E-01   0.1591529261330034E-15  -0.1297671300607594E+01  -0.3459946123858376E+02
 -0.4047300313086340E-01  -0.7997824317344061E-16  -0.1294669296780722E+01  -0.3487087662481285E+02
 -0.4087996811042435E-01   0.2623953204832967-307  -0.1291663142654783E+01  -0.7071062575290405E+03
 -0.4129102521267888E-01  -0.3464702907922093E-17  -0.1288652824452579E+01  -0.3535017060728008E+02
 -0.4170621558482385E-01   0.7554781246317379E-16  -0.1285638328332670E+01  -0.3592280759675509E+02
 -0.4212558078780033E-01  -0.1384184311826206E-17  -0.1282619640389018E+01  -0.3535045292562681E+02
 -0.4254916280045378E-01   0.1649979599777835E-17  -0.1279596746650620E+01  -0.3604335146422942E+02
 -0.4297700402373621E-01   0.0000000000000000E+00  -0.1276569633081141E+01  -0.1200000000000000E+03
 -0.4340914728495059E-01  -0.1068222026868562E-16  -0.1273538285578545E+01  -0.3465657287610806E+02
 -0.4384563584203782E-01  -0.1144578771128444E-17  -0.1270502689974724E+01  -0.3563812423260228E+02
 -0.4428651338790703E-01  -0.4257635165009059E-17  -0.1267462832035128E+01  -0.3512704458476915E+02
 -0.4473182405480911E-01  -0.9506180997039194E-16  -0.1264418697458383E+01  -0.3498993699320639E+02
 -0.4518161241875454E-01  -0.6345940416216657-306  -0.1261370271875914E+01  -0.7038595894629024E+03
 -0.4563592350397539E-01  -0.8326587045021040E-16  -0.1258317540851567E+01  -0.3519052234046499E+02
 -0.4609480278743230E-01   0.7659502632950055E-18  -0.1255260489881226E+01  -0.3604358975686315E+02
 -0.4655829620336686E-01   0.2633819592483505-307  -0.1252199104392423E+01  -0.7071110090865327E+03
 -0.4702645014789950E-01   0.1769304509038056E-16  -0.1249133369743953E+01  -0.3534213587916455E+02
 -0.4749931148367396E-01   0.5105753098820827E-17  -0.1246063271225483E+01  -0.3672570996964802E+02
 -0.4797692754454817E-01  -0.1444642784227680E-17  -0.1242988794057160E+01  -0.3535045025876929E+02
 -0.4845934614033245E-01   0.5082776700081598E-18  -0.1239909923389213E+01  -0.3604362576360813E+02
 -0.4894661556157533E-01   0.1777080618770389E-17  -0.1236826644301558E+01  -0.3604331676573187E+02
 -0.4943878458439747E-01   0.1276528654128814E-16  -0.1233738941803392E+01  -0.3534619343592846E+02
 -0.4993590247537415E-01   0.7054145323513323E-16  -0.1230646800832796E+01  -0.3601682864100358E+02
 -0.5043801899646698E-01  -0.3702688542347282E-16  -0.1227550206256329E+01  -0.3591638509889985E+02
 -0.5094518441000504E-01  -0.1027460789822935E-17  -0.1224449142868612E+01  -0.3604354212429146E+02
 -0.5145744948371626E-01  -0.3301608501022944E-16  -0.1221343595391927E+01  -0.3678036485824776E+02
 -0.5197486549580927E-01   0.1096983979488741E-17  -0.1218233548475796E+01  -0.3535047468120374E+02
 -0.5249748424010638E-01  -0.7848647364426916E-17  -0.1215118986696571E+01  -0.3512633378352704E+02
 -0.5302535803122825E-01  -0.3609620517353749E-18  -0.1211999894557009E+01  -0.3604363981371174E+02
 -0.5355853970983056E-01  -0.1872941585228074E-16  -0.1208876256485854E+01  -0.3562224806648543E+02
 -0.5409708264789349E-01  -0.8255010414708906E-16  -0.1205748056837414E+01  -0.3578970989457068E+02
 -0.5464104075406423E-01   0.1078074775484156E-16  -0.1202615279891131E+01  -0.3790833621920015E+02
 -0.5519046847905332E-01   0.2401209555795824E-17  -0.1199477909851151E+01  -0.3535035778898344E+02
 -0.5574542082108521E-01   0.1744791264371941E-17  -0.1196335930845897E+01  -0.3535042806877416E+02
 -0.5630595333140366E-01   0.3011406511791584E-16  -0.1193189326927627E+01  -0.3493483042255524E+02
 -0.5687212211983243E-01  -0.5190148910012875E-18  -0.1190038082072000E+01  -0.3673669059549134E+02
 -0.5744398386039192E-01  -0.3432531752924238E-17  -0.1186882180177636E+01  -0.3535020651742025E+02
 -0.5802159579697236E-01   0.9306809452576381E-18  -0.1183721605065669E+01  -0.3604356550469984E+02
 -0.5860501574906389E-01   0.1384504378074355E-17  -0.1180556340479303E+01  -0.3563810209673426E+02
 -0.5919430211754440E-01   0.7328881366030426E-23  -0.1177386370083363E+01  -0.3494504110044905E+02
 -0.5978951389052551E-01   0.2391229040681249-307  -0.1174211677463840E+01  -0.7073692764190021E+03
 -0.6039071064925729E-01  -0.5303808806745051E-18  -0.1171032246127440E+01  -0.3604362518321153E+02
 -0.6099795257409248E-01  -0.4126940828230166E-18  -0.1167848059501123E+01  -0.3673673246702084E+02
 -0.6161130045051052E-01   0.3176518463557330E-17  -0.1164659100931645E+01  -0.3535025484128628E+02
 -0.6223081567520225E-01   0.0000000000000000E+00  -0.1161465353685088E+01  -0.1200000000000000E+03
 -0.6285656026221580E-01  -0.8956370724995128E-16  -0.1158266800946402E+01  -0.3486372246652350E+02
 -0.6348859684916425E-01   0.2953564173193163-307  -0.1155063425818928E+01  -0.7070575702360352E+03
 -0.6412698870349565E-01   0.1563508214904748E-15  -0.1151855211323929E+01  -0.3473078598871010E+02
 -0.6477179972882634E-01  -0.1070166760358337E-17  -0.1148642140400111E+01  -0.3604354095974671E+02
 -0.6542309447133747E-01  -0.1023476342289419E-16  -0.1145424195903148E+01  -0.3603350380733951E+02
 -0.6608093812623640E-01   0.1125565260934677E-16  -0.1142201360605196E+01  -0.3534742493721054E+02
 -0.6674539654428260E-01   0.1610732647372464E-17  -0.1138973617194412E+01  -0.3604340104008042E+02
 -0.6741653623837952E-01   0.2324263159117136-307  -0.1135740948274460E+01  -0.7074006298201151E+03
 -0.6809442439023253E-01   0.1631761423536498E-17  -0.1132503336364025E+01  -0.3494501249370227E+02
 -0.6877912885707388E-01   0.4586438225612193E-17  -0.1129260763896317E+01  -0.3563728783765389E+02
 -0.6947071817845521E-01   0.0000000000000000E+00  -0.1126013213218573E+01  -0.1200000000000000E+03
 -0.7016926158310859E-01   0.2699252003857905E-17  -0.1122760666591552E+01  -0.3535033172293321E+02
 -0.7087482899587612E-01  -0.5829126518793958E-16  -0.1119503106189039E+01  -0.3507795848326821E+02
 -0.7158749104470982E-01  -0.1195014651814623E-15  -0.1116240514097332E+01  -0.3457886804271017E+02
 -0.7230731906774114E-01  -0.7685656821357747E-18  -0.1112972872314729E+01  -0.3673657633269255E+02
 -0.7303438512042235E-01   0.7430642137194974E-18  -0.1109700162751023E+01  -0.3563816505923799E+02
 -0.7376876198273909E-01   0.1641869642444294E-17  -0.1106422367226975E+01  -0.3535044263524487E+02
 -0.7451052316649590E-01  -0.1972817970743531-306  -0.1103139467473798E+01  -0.7051102930315012E+03
 -0.7525974292267468E-01   0.2035905797059240E-17  -0.1099851445132634E+01  -0.3604326494979234E+02
 -0.7601649624886739E-01   0.3037823508747555E-17  -0.1096558281754023E+01  -0.3604279166369501E+02
 -0.7678085889678328E-01  -0.2879294583669351-307  -0.1093259958797375E+01  -0.7071902065236555E+03
 -0.7755290737983181E-01   0.3948383709932945E-18  -0.1089956457630437E+01  -0.3604363891055647E+02
 -0.7833271898078160E-01   0.1185060088913848E-15  -0.1086647759528750E+01  -0.3540313356679260E+02
 -0.7912037175949665E-01  -0.8230581589475637E-16  -0.1083333845675113E+01  -0.3521450159554047E+02
 -0.7991594456075007E-01   0.1870315799576151E-17  -0.1080014697159036E+01  -0.3604333167175363E+02
 -0.8071951702211649E-01   0.1868711282857013E-17  -0.1076690294976192E+01  -0.3604333323834005E+02
 -0.8153116958194406E-01  -0.6356262924220993E-18  -0.1073360620027866E+01  -0.3673665285257903E+02
 -0.8235098348740626E-01  -0.1148469849941997E-17  -0.1070025653120400E+01  -0.3535047616048694E+02
 -0.8317904080263475E-01  -0.1275629093652179E-17  -0.1066685374964632E+01  -0.3604350559693920E+02
 -0.8401542441693417E-01   0.2104236629162619E-16  -0.1063339766175336E+01  -0.3534058208012385E+02
 -0.8486021805307947E-01   0.1758908139283920E-17  -0.1059988807270654E+01  -0.3604337422724925E+02
 -0.8571350627569654E-01  -0.5895097238972720E-16  -0.1056632478671528E+01  -0.3507968340792414E+02
 -0.8657537449972724E-01   0.4666542322558348E-18  -0.1053270760701124E+01  -0.3673672245722017E+02
 -0.8744590899897954E-01   0.1003672259270354E-16  -0.1049903633584258E+01  -0.3534825998041642E+02
 -0.8832519691476358E-01   0.1394606954591418E-17  -0.1046531077446812E+01  -0.3604348011507314E+02
 -0.8921332626461465E-01  -0.5247793273069598E-16  -0.1043153072315152E+01  -0.3619474797482935E+02
 -0.9011038595110368E-01  -0.3297892697157673E-16  -0.1039769598115535E+01  -0.3559712716654937E+02
 -0.9101646577073672E-01   0.0000000000000000E+00  -0.1036380634673525E+01  -0.1200000000000000E+03
 -0.9193165642294340E-01   0.8385692240459017E-16  -0.1032986161713387E+01  -0.3521577595977842E+02
 -0.9285604951915614E-01  -0.6454414941586939E-16  -0.1029586158857494E+01  -0.3526664127924791E+02
 -0.9378973759198060E-01   0.3771072635610590E-18  -0.1026180605625721E+01  -0.3604364096218838E+02
 -0.9473281410445816E-01  -0.5495349443742616E-16  -0.1022769481434834E+01  -0.3508695516415131E+02
 -0.9568537345942169E-01  -0.4340698196618629-307  -0.1019352765597886E+01  -0.7067035402812417E+03
 -0.9664751100894543E-01  -0.4080967909551168E-16  -0.1015930437323591E+01  -0.3557792196353365E+02
 -0.9761932306388975E-01   0.0000000000000000E+00  -0.1012502475715715E+01  -0.1200000000000000E+03
 -0.9860090690354198E-01  -0.1603793274663895E-17  -0.1009068859772444E+01  -0.3535045093508914E+02
 -0.9959236078535416E-01   0.1305085497630159E-17  -0.1005629568385758E+01  -0.3604350747997866E+02
 -0.1005937839547787E+00  -0.6932850487940669E-18  -0.1002184580340804E+01  -0.3604361234652418E+02
 -0.1016052766552029E+00  -0.4850671838729458E-18  -0.9987338743152530E+00  -0.3673672047273134E+02
 -0.1026269401379835E+00  -0.4606505536277894E-18  -0.9952774288786648E+00  -0.3604363538891634E+02
 -0.1036588766725820E+00   0.9272975676644102-307  -0.9918152224918417E+00  -0.7059308123344791E+03
 -0.1047011895568019E+00   0.2919960379842918-307  -0.9883472335061809E+00  -0.7071880261517537E+03
 -0.1057539831271287E+00  -0.4113353418514590E-18  -0.9848734401630208E+00  -0.3673674373462627E+02
 -0.1068173627691746E+00   0.0000000000000000E+00  -0.9813938205929855E+00  -0.1200000000000000E+03
 -0.1078914349282272E+00   0.0000000000000000E+00  -0.9779083528153218E+00  -0.1200000000000000E+03
 -0.1089763071199051E+00   0.1014239920559226E-17  -0.9744170147372360E+00  -0.3673645858918482E+02
 -0.1100720879409201E+00   0.2069760792097159E-17  -0.9709197841532218E+00  -0.3604329855251571E+02
 -0.1111788870799479E+00   0.3563486776166869-307  -0.9674166387443881E+00  -0.7069917574662824E+03
 -0.1122968153286080E+00   0.9936301459624465E-18  -0.9639075560777792E+00  -0.3604357214073838E+02
 -0.1134259845925541E+00   0.1822082975416213E-17  -0.9603925136056928E+00  -0.3604338115469554E+02
 -0.1145665079026761E+00   0.1515420964870624E-17  -0.9568714886649912E+00  -0.3604346570330570E+02
 -0.1157184994264142E+00  -0.1423724281333204E-17  -0.9533444584764112E+00  -0.3604348829000071E+02
 -0.1168820744791877E+00  -0.4996873041301706E-18  -0.9498114001438664E+00  -0.3673671949200727E+02
 -0.1180573495359376E+00  -0.2107733464584515E-17  -0.9462722906537475E+00  -0.3673536488317145E+02
 -0.1192444422427863E+00  -0.1231245904749943E-17  -0.9427271068742156E+00  -0.3604353117050525E+02
 -0.1204434714288139E+00  -0.2898550068730419-307  -0.9391758255544930E+00  -0.7072025214030587E+03
 -0.1216545571179531E+00  -0.1151902762544355E-15  -0.9356184233241485E+00  -0.3513745923976489E+02
 -0.1228778205410039E+00  -0.8354180136943409E-16  -0.9320548766923773E+00  -0.3522767218258251E+02
 -0.1241133841477684E+00   0.4809981793219441E-18  -0.9284851620472787E+00  -0.3673672697948773E+02
 -0.1253613716193089E+00  -0.7399752697904577E-18  -0.9249092556551262E+00  -0.3604360999671218E+02
 -0.1266219078803278E+00  -0.6472442649733157E-16  -0.9213271336596337E+00  -0.3608988106303618E+02
 -0.1278951191116731E+00   0.7404455939520693E-16  -0.9177387720812183E+00  -0.3573256981816551E+02
 -0.1291811327629689E+00   0.3166805315201670E-16  -0.9141441468162574E+00  -0.3597060815979380E+02
 -0.1304800775653736E+00  -0.2671003540660101-307  -0.9105432336363395E+00  -0.7072889682901514E+03
 -0.1317920835444657E+00  -0.2068352489929156E-17  -0.9069360081875133E+00  -0.3604332033077842E+02
 -0.1331172820332595E+00  -0.2292297836796847-200  -0.9033224459895286E+00  -0.4609725363796637E+03
 -0.1344558056853520E+00   0.2275905141439067E-17  -0.8997025224350748E+00  -0.3604325298843515E+02
 -0.1358077884882013E+00  -0.1041057485644248E-17  -0.8960762127890127E+00  -0.3604356987864170E+02
 -0.1371733657765387E+00   0.9426097908575832E-18  -0.8924434921876028E+00  -0.3604358516683943E+02
 -0.1385526742459166E+00   0.2033486091604235E-17  -0.8888043356377271E+00  -0.3604333709007735E+02
 -0.1399458519663908E+00   0.2095225762673114E-17  -0.8851587180161065E+00  -0.3604331878847266E+02
 -0.1413530383963425E+00  -0.6746652541651027E-18  -0.8815066140685142E+00  -0.3673666226356086E+02
 -0.1427743743964373E+00  -0.3025644157088359-307  -0.8778479984089818E+00  -0.7071701690328706E+03
 -0.1442100022437262E+00  -0.3865788133723766E-16  -0.8741828455190013E+00  -0.3594199521848748E+02
 -0.1456600656458870E+00  -0.6341219199341175E-18  -0.8705111297467236E+00  -0.3673667968785559E+02
 -0.1471247097556101E+00  -0.2252455951699456E-16  -0.8668328253061480E+00  -0.3733218957574491E+02
 -0.1486040811851283E+00   0.1441552013049694E-17  -0.8631479062763101E+00  -0.3604349833612446E+02
 -0.1500983280208928E+00   0.2163681407244167E-16  -0.8594563466004617E+00  -0.3562295156456828E+02
 -0.1516075998383967E+00   0.9665729775914243E-16  -0.8557581200852484E+00  -0.3520190337640931E+02
 -0.1531320477171474E+00  -0.1613893385915154E-17  -0.8520532003998778E+00  -0.3604346114797646E+02
 -0.1546718242557906E+00  -0.1192047806314066E-17  -0.8483415610752860E+00  -0.3673638267161673E+02
 -0.1562270835873847E+00   0.1228675275470547E-17  -0.8446231755032974E+00  -0.3604354276451522E+02
 -0.1577979813948301E+00  -0.5808235918716266E-17  -0.8408980169357770E+00  -0.3672704287925173E+02
 -0.1593846749264533E+00   0.2095368103233664-298  -0.8371660584837815E+00  -0.6867479744388344E+03
 -0.1609873230117473E+00   0.3300326040318117E-17  -0.8334272731166998E+00  -0.3535030885897856E+02
 -0.1626060860772705E+00  -0.6810479424272332E-16  -0.8296816336613936E+00  -0.3608535576585776E+02
 -0.1642411261627061E+00  -0.3810002941745619E-16  -0.8259291128013257E+00  -0.3643310343510542E+02
 -0.1658926069370819E+00  -0.8817955306244698E-18  -0.8221696830756895E+00  -0.3673657763421075E+02
 -0.1675606937151539E+00  -0.1340643863532493E-16  -0.8184033168785274E+00  -0.3668791716526143E+02
 -0.1692455534739546E+00  -0.2459548516474234-307  -0.8146299864578470E+00  -0.7079197948273979E+03
 -0.1709473548695072E+00  -0.3279759068812561E-16  -0.8108496639147293E+00  -0.3597267059738265E+02
 -0.1726662682537086E+00  -0.1927182404930361E-17  -0.8070623212024328E+00  -0.3604339110030553E+02
 -0.1744024656913816E+00   0.5686559714059025E-18  -0.8032679301254906E+00  -0.3673670954670791E+02
 -0.1761561209774987E+00   0.0000000000000000E+00  -0.7994664623388023E+00  -0.1200000000000000E+03
 -0.1779274096545791E+00   0.3567242156733125-306  -0.7956578893467190E+00  -0.7046638583545779E+03
 -0.1797165090302613E+00   0.4200876987472874E-17  -0.7918421825021240E+00  -0.3604242677664303E+02
 -0.1815235981950505E+00   0.6517823935294327E-18  -0.7880193130055069E+00  -0.3604362393662647E+02
 -0.1833488580402470E+00  -0.7739368338781432E-16  -0.7841892519040302E+00  -0.3574219541929813E+02
 -0.1851924712760528E+00   0.6829707672447280E-16  -0.7803519700905918E+00  -0.3626528661885797E+02
 -0.1870546224498616E+00  -0.1729583253147072E-17  -0.7765074383028807E+00  -0.3673598096723934E+02
 -0.1889354979647313E+00  -0.4706112563200205-307  -0.7726556271224270E+00  -0.7067513235047328E+03
 -0.1908352860980443E+00  -0.2295315095331461-307  -0.7687965069736442E+00  -0.7079637585624112E+03
 -0.1927541770203534E+00  -0.7443263790776622E-16  -0.7649300481228675E+00  -0.3618684205001679E+02
 -0.1946923628144181E+00  -0.1310828866662620E-16  -0.7610562206773840E+00  -0.3603218460996693E+02
 -0.1966500374944327E+00  -0.1421833559843942E-17  -0.7571749945844577E+00  -0.3604351743421088E+02
 -0.1986273970254469E+00   0.4150481099025426E-16  -0.7532863396303482E+00  -0.3593980290898470E+02
 -0.2006246393429823E+00   0.0000000000000000E+00  -0.7493902254393221E+00  -0.1200000000000000E+03
 -0.2026419643728459E+00  -0.7164108814435355E-18  -0.7454866214726585E+00  -0.3673666408545621E+02
 -0.2046795740511427E+00   0.1157575843488636E-17  -0.7415754970276491E+00  -0.3673644568392090E+02
 -0.2067376723444900E+00   0.4887331997527941-307  -0.7376568212365899E+00  -0.7067225827851416E+03
 -0.2088164652704341E+00   0.7618130813067692-307  -0.7337305630657680E+00  -0.7062797584606205E+03
 -0.2109161609180735E+00   0.1761095600805478-306  -0.7297966913144407E+00  -0.3563818828100899E+02
 -0.2130369694688885E+00   0.4160540883270085-307  -0.7258551746138092E+00  -0.7068867987724519E+03
 -0.2151791032177805E+00  -0.1876385985714803E-17  -0.7219059814259841E+00  -0.3604342472068046E+02
 -0.2173427765943229E+00   0.1184919175313510E-15  -0.7179490800429451E+00  -0.3534219123391615E+02
 -0.2195282061842259E+00  -0.5454197285037801E-17  -0.7139844385854958E+00  -0.3672918893038923E+02
 -0.2217356107510170E+00   0.1267576936509433E-15  -0.7100120250022068E+00  -0.3514253421879253E+02
 -0.2239652112579388E+00   0.4141368250046477E-18  -0.7060318070683582E+00  -0.3673675669787545E+02
 -0.2262172308900685E+00  -0.1021361299295493-306  -0.7020437523848695E+00  -0.7059954625635010E+03
 -0.2284918950766582E+00   0.3906258465966731-307  -0.6980478283772269E+00  -0.7069577684472312E+03
 -0.2307894315137012E+00  -0.2723271399979729E-17  -0.6940440022944017E+00  -0.3604318490712138E+02
 -0.2331100701867241E+00  -0.5625319688840671E-16  -0.6900322412077613E+00  -0.3587598967447710E+02
 -0.2354540433938086E+00   0.2461220212034105-307  -0.6860125120099749E+00  -0.7078503407798729E+03
 -0.2378215857688451E+00   0.4612603937741374E-16  -0.6819847814139111E+00  -0.3592582398918803E+02
 -0.2402129343050194E+00   0.1005312055399265E-17  -0.6779490159515269E+00  -0.3673654917379687E+02
 -0.2426283283785363E+00  -0.8276850613936370-307  -0.6739051819727537E+00  -0.7062141248012521E+03
 -0.2450680097725810E+00   0.6599661071062039E-16  -0.6698532456443712E+00  -0.3616308112821369E+02
 -0.2475322227015219E+00  -0.3177782736422546-307  -0.6657931729488775E+00  -0.7075845687617098E+03
 -0.2500212138353571E+00   0.6989309765172022-307  -0.6617249296833509E+00  -0.7063869897354078E+03
 -0.2525352323244056E+00  -0.1729541668605875E-17  -0.6576484814583037E+00  -0.3673607163357422E+02
 -0.2550745298242482E+00  -0.1290068039385104E-17  -0.6535637936965295E+00  -0.3604355234533742E+02
 -0.2576393605209178E+00   0.7175410883448223E-18  -0.6494708316319429E+00  -0.3604362225413450E+02
 -0.2602299811563442E+00  -0.8378162252431897E-18  -0.6453695603084117E+00  -0.3673663149086054E+02
 -0.2628466510540538E+00  -0.4113145378851641-307  -0.6412599445785816E+00  -0.7069237396957138E+03
 -0.2654896321451285E+00  -0.2684161103723585E-23  -0.6371419491026925E+00  -0.3673680056967710E+02
 -0.2681591889944248E+00   0.2041775394659365E-17  -0.6330155383473897E+00  -0.3604340541884787E+02
 -0.2708555888270572E+00  -0.3177643898630578E-18  -0.6288806765845236E+00  -0.3673677663804022E+02
 -0.2735791015551481E+00  -0.1938204275152203E-17  -0.6247373278899464E+00  -0.3604343175722290E+02
 -0.2763299998048457E+00   0.4997037222044490E-17  -0.6205854561422959E+00  -0.3535013947684226E+02
 -0.2791085589436140E+00   0.2520031252713582E-17  -0.6164250250217771E+00  -0.3604328185193668E+02
 -0.2819150571077977E+00   0.2405988812328934-307  -0.6122559980089310E+00  -0.7078365791624643E+03
 -0.2847497752304644E+00  -0.1236577444229524E-16  -0.6080783383833979E+00  -0.3603485557836010E+02
 -0.2876129970695248E+00  -0.2823597854855550E-18  -0.6038920092226732E+00  -0.3673678213593649E+02
 -0.2905050092361388E+00   0.1439798690819629E-17  -0.5996969734008548E+00  -0.3604353407249674E+02
 -0.2934261012234043E+00   0.8890476350715683E-18  -0.5954931935873813E+00  -0.3673661936474787E+02
 -0.2963765654353364E+00  -0.2018466404688030E-17  -0.5912806322457638E+00  -0.3604342086598336E+02
 -0.2993566972161372E+00   0.2907351942634905-307  -0.5870592516323085E+00  -0.7076354691925802E+03
 -0.3023667948797598E+00   0.1228667025296505E-17  -0.5828290137948322E+00  -0.3673645885550467E+02
 -0.3054071597397697E+00  -0.1317223397146892-286  -0.5785898805713690E+00  -0.6597087208323004E+03
 -0.3084780961395073E+00  -0.1186371033090204E-17  -0.5743418135888676E+00  -0.3673648464053306E+02
 -0.3115799114825522E+00   0.4660499564929876E-16  -0.5700847742618833E+00  -0.3593496151159378E+02
 -0.3147129162634948E+00  -0.2643976338254283-307  -0.5658187237912582E+00  -0.7077207354822472E+03
 -0.3178774240990171E+00   0.2082008719907757E-17  -0.5615436231627957E+00  -0.3604341319046264E+02
 -0.3210737517592864E+00  -0.4255671494782912E-16  -0.5572594331459256E+00  -0.3684860352884394E+02
 -0.3243022191996636E+00  -0.2364343254301656-307  -0.5529661142923596E+00  -0.7078267853959048E+03
 -0.3275631495927315E+00   0.0000000000000000E+00  -0.5486636269347407E+00  -0.1200000000000000E+03
 -0.3308568693606443E+00  -0.4837349898068174E-16  -0.5443519311852818E+00  -0.3593008491782265E+02
 -0.3341837082078036E+00   0.2617576159202086-307  -0.5400309869343971E+00  -0.7077193707620545E+03
 -0.3375439991538610E+00   0.2035507429960385E-16  -0.5357007538493235E+00  -0.3602175717944120E+02
 -0.3409380785670543E+00  -0.2808960103697009-307  -0.5313611913727347E+00  -0.7076450680239661E+03
 -0.3443662861978784E+00   0.4821941214780723E-18  -0.5270122587213464E+00  -0.3673675076124166E+02
 -0.3478289652130941E+00  -0.4240615902448769E-16  -0.5226539148845109E+00  -0.3645211223041242E+02
 -0.3513264622300800E+00   0.4368469219608956-307  -0.5182861186228049E+00  -0.7069079293626598E+03
 -0.3548591273515287E+00  -0.1748470037562048E-17  -0.5139088284666078E+00  -0.3535046580607688E+02
 -0.3584273142004928E+00   0.2773047588624284-307  -0.5095220027146699E+00  -0.7076487463256443E+03
 -0.3620313799557828E+00  -0.3153627393105581E-16  -0.5051255994326737E+00  -0.3717418654906295E+02
 -0.3656716853877208E+00  -0.2766532379098474-307  -0.5007195764517840E+00  -0.7076474893024692E+03
 -0.3693485948942543E+00   0.6580067447671315-307  -0.4963038913671901E+00  -0.7065070819821096E+03
 -0.3730624765374325E+00   0.9562530816879853E-18  -0.4918785015366389E+00  -0.3673661142686962E+02
 -0.3768137020802496E+00   0.2816330967060089-307  -0.4874433640789583E+00  -0.7076243124258077E+03
 -0.3806026470238592E+00  -0.3942695405062015-307  -0.4829984358725706E+00  -0.7072861255745868E+03
 -0.3844296906451612E+00   0.2615637869652015-307  -0.4785436735539991E+00  -0.7076947362500292E+03
 -0.3882952160347691E+00   0.2265373215253385E-16  -0.4740790335163622E+00  -0.3664206065618617E+02
 -0.3921996101353566E+00  -0.4611435442344188E-17  -0.4696044719078604E+00  -0.3911442689722845E+02
 -0.3961432637803917E+00   0.2706569409435329-307  -0.4651199446302526E+00  -0.7076553950148106E+03
 -0.4001265717332589E+00  -0.2184406892067482E-16  -0.4606254073373234E+00  -0.3664923609775050E+02
 -0.4041499327267762E+00   0.2298339051754793-307  -0.4561208154333405E+00  -0.7078155070489640E+03
 -0.4082137495031075E+00   0.8384232939224321E-16  -0.4516061240715031E+00  -0.3622296640129782E+02
 -0.4123184288540782E+00   0.0000000000000000E+00  -0.4470812881523798E+00  -0.1200000000000000E+03
 -0.4164643816618955E+00  -0.1347625215599838E-17  -0.4425462623223374E+00  -0.3673644294355412E+02
 -0.4206520229402776E+00  -0.3019720224374555-306  -0.4380010009719592E+00  -0.7050077662063877E+03
 -0.4248817718759977E+00   0.1029075067486054E-16  -0.4334454582344542E+00  -0.3671654297450035E+02
 -0.4287291872344637E+00   0.8943439048489943E-18  -0.4293320710496616E+00  -0.3604361451329908E+02
 -0.4330382037335125E+00  -0.5155535196824931-307  -0.4247589176592073E+00  -0.7069963669683887E+03
 -0.4373905287446523E+00  -0.3249134760593525-307  -0.4201753577463463E+00  -0.7074564767574459E+03
 -0.4417865975475390E+00   0.7694591721920203E-17  -0.4155813444883361E+00  -0.3672557253751740E+02
 -0.4462268497966816E+00  -0.8082197349218991E-18  -0.4109768307975967E+00  -0.3673667587802274E+02
 -0.4507117295654129E+00  -0.3198275316236906E-17  -0.4063617693200647E+00  -0.3951175560238388E+02
 -0.4552416853903009E+00   0.8903602092448715E-18  -0.4017361124335360E+00  -0.3673665063043639E+02
 -0.4598171703160071E+00   0.0000000000000000E+00  -0.3970998122460004E+00  -0.1200000000000000E+03
 -0.4644386419405970E+00   0.2234479845057502-307  -0.3924528205939627E+00  -0.7080813010361934E+03
 -0.4691065624613041E+00  -0.3488242127450774-307  -0.3877950890407568E+00  -0.7073749230668897E+03
 -0.4738213987207548E+00   0.0000000000000000E+00  -0.3831265688748460E+00  -0.1200000000000000E+03
 -0.4785836222536576E+00  -0.3332269564800213-307  -0.3784472111081176E+00  -0.7074178154410553E+03
 -0.4833937093339613E+00   0.1276205338706965E-17  -0.3737569664741619E+00  -0.3604357847907589E+02
 -0.4882521410224884E+00  -0.2370343961427889-307  -0.3690557854265435E+00  -0.7080062893379719E+03
 -0.4931594032150464E+00  -0.1405042456832768E-18  -0.3643436181370614E+00  -0.3673679697124025E+02
 -0.4981159866910219E+00   0.2443539750041432-307  -0.3596204144939986E+00  -0.7079694409640857E+03
 -0.5031223871624640E+00  -0.1331188288452868E-17  -0.3548861241003616E+00  -0.3673648067743767E+02
 -0.5081791053236621E+00   0.2576190847488718-307  -0.3501406962721066E+00  -0.7079101171979618E+03
 -0.5132866469012174E+00  -0.2639240401697584-307  -0.3453840800363601E+00  -0.7078826992138482E+03
 -0.5184455227046256E+00  -0.2746451416182701-307  -0.3406162241296211E+00  -0.7078396359933023E+03
 -0.5236562486773610E+00   0.4416994091038674-307  -0.3358370769959589E+00  -0.7071241949573808E+03
 -0.5289193459484752E+00   0.3035733348988449-307  -0.3310465867851987E+00  -0.7077329854078708E+03
 -0.5342353408847187E+00  -0.2971436256093081-307  -0.3262447013510920E+00  -0.7077511304525672E+03
 -0.5396047651431807E+00   0.0000000000000000E+00  -0.3214313682494817E+00  -0.1200000000000000E+03
 -0.5450281557244611E+00   0.1553098278351821E-17  -0.3166065347364529E+00  -0.3673638138404502E+02
 -0.5505060550263770E+00   0.3122952166752714-307  -0.3117701477664726E+00  -0.7076915737076163E+03
 -0.5560390108982105E+00  -0.2419305871505535-307  -0.3069221539905160E+00  -0.7079435854222781E+03
 -0.5616275766954932E+00  -0.7088609733400099-138  -0.3020624997541906E+00  -0.3173803735824662E+03
 -0.5672723113353545E+00  -0.2576674804974328E-17  -0.2971911310958365E+00  -0.3604337039308749E+02
 -0.5729737793524153E+00   0.3711314576555147-307  -0.2923079937446232E+00  -0.7072884084763451E+03
 -0.5787325509552491E+00   0.5299810587073087-307  -0.2874130331186345E+00  -0.7069311678695212E+03
 -0.5845492020834099E+00  -0.3045413597759484-307  -0.2825061943229374E+00  -0.7076969082081714E+03
 -0.5904243144650306E+00   0.8169764093173309E-16  -0.2775874221476445E+00  -0.3582187845192960E+02
 -0.5963584756750026E+00  -0.4111965779716624E-16  -0.2726566610659636E+00  -0.3651352729632380E+02
 -0.6023522791937395E+00   0.4340172228669527E-17  -0.2677138552322329E+00  -0.3673368994767699E+02
 -0.6084063244665330E+00   0.0000000000000000E+00  -0.2627589484799469E+00  -0.1200000000000000E+03
 -0.6145212169635033E+00   0.1193964032053283E-16  -0.2577918843197693E+00  -0.3671394734660036E+02
 -0.6206975682401497E+00  -0.2542765271690479-307  -0.2528126059375387E+00  -0.7078572711301229E+03
 -0.6269359959985189E+00   0.2790953422917631E-17  -0.2478210561922514E+00  -0.3604333719071271E+02
 -0.6332371241489752E+00  -0.2026758775169500E-16  -0.2428171776140476E+00  -0.3774632196822640E+02
 -0.6396015828726030E+00   0.1278104033344062E-17  -0.2378009124021702E+00  -0.3673653792098069E+02
 -0.6460300086842303E+00  -0.2855562894211129-307  -0.2327722024229233E+00  -0.7077277878217292E+03
 -0.6525230444960857E+00   0.2255233024881253-307  -0.2277309892076127E+00  -0.7079604220503261E+03
 -0.6590813396820989E+00  -0.2690857549019716-307  -0.2226772139504752E+00  -0.7077804280436482E+03
 -0.6657055501428443E+00   0.2395425908855221-307  -0.2176108175065960E+00  -0.7078933336301520E+03
 -0.6723963383711372E+00   0.2880780711697658-307  -0.2125317403898150E+00  -0.7077054341190043E+03
 -0.6791543735182913E+00   0.3903698836738637-307  -0.2074399227706193E+00  -0.7073981657946862E+03
 -0.6859803314610400E+00  -0.2345035353228367-307  -0.2023353044740240E+00  -0.7079043787861624E+03
 -0.6928748948691343E+00   0.3603436291930131-307  -0.1972178249774387E+00  -0.7074713743817257E+03
 -0.6998387532736123E+00  -0.2468740545038322-307  -0.1920874234085267E+00  -0.7078461313016645E+03
 -0.7068726031357649E+00   0.2341458189551406E-17  -0.1869440385430444E+00  -0.3604344377637749E+02
 -0.7139771479167849E+00  -0.4469069990543440-307  -0.1817876088026752E+00  -0.7072457956219968E+03
 -0.7211530981481247E+00   0.2319068572246696-307  -0.1766180722528452E+00  -0.7078983697395761E+03
 -0.7284011715025549E+00  -0.3571250968706053-307  -0.1714353666005293E+00  -0.7074631729384529E+03
 -0.7357220928659384E+00   0.0000000000000000E+00  -0.1662394291920453E+00  -0.1200000000000000E+03
 -0.7431165944097311E+00  -0.3456040419447960-307  -0.1610301970108300E+00  -0.7074890546951139E+03
 -0.7505854156642020E+00  -0.4624660297873927-307  -0.1558076066752108E+00  -0.7071943111693591E+03
 -0.7581293035923964E+00  -0.2440540244989321-307  -0.1505715944361569E+00  -0.7078300246261061E+03
 -0.7657490126648403E+00  -0.2704208762220215-307  -0.1453220961750214E+00  -0.7077239587778098E+03
 -0.7734453049349976E+00   0.3306049170332542-307  -0.1400590474012682E+00  -0.7075195324755741E+03
 -0.7812189501154790E+00   0.3797725312249631-307  -0.1347823832501900E+00  -0.7073773964010958E+03
 -0.7890707256550253E+00  -0.9719464565764989-307  -0.1294920384806079E+00  -0.7063147316372446E+03
 -0.7970014168162607E+00   0.4999610232078260-307  -0.1241879474725601E+00  -0.7070954458102347E+03
 -0.8050118167542253E+00   0.2577160106839094-307  -0.1188700442249798E+00  -0.7077546124563177E+03
 -0.8131027265957016E+00   0.3317792460720567-307  -0.1135382623533556E+00  -0.7074984897693946E+03
 -0.8212749555193327E+00  -0.2623262462552794-307  -0.1081925350873827E+00  -0.7077298536960182E+03
 -0.8295293208365541E+00  -0.2312229560067932-307  -0.1028327952685957E+00  -0.7078525374156463E+03
 -0.8378666480733276E+00   0.5405749630887512E-18  -0.9745897534799433E-01  -0.3673675962664348E+02
 -0.8462877710527057E+00   0.2884732554313607-307  -0.9207100738365159E-01  -0.7076242543362621E+03
 -0.8547935319782267E+00   0.3015472474206083-307  -0.8666882303830559E-01  -0.7075763896926477E+03
 -0.8633847815181374E+00  -0.4507923186506807-307  -0.8125235357694688E-01  -0.7071707635233754E+03
 -0.8720623788904724E+00  -0.3352407521743769-307  -0.7582152986438384E-01  -0.7074633693686534E+03
 -0.8808271919489866E+00   0.3203473711917984-307  -0.7037628236279705E-01  -0.7075052545860680E+03
 -0.8896800972699471E+00  -0.2522344435197112-307  -0.6491654112928166E-01  -0.7077407379521852E+03
 -0.8986219802398026E+00   0.0000000000000000E+00  -0.5944223581337346E-01  -0.1200000000000000E+03
 -0.9076537351437289E+00   0.4309841264939275-307  -0.5395329565456360E-01  -0.7071978810849420E+03
 -0.9167762652550714E+00  -0.2771262808890033-307  -0.4844964947979608E-01  -0.7076358980612766E+03
 -0.9259904829256779E+00  -0.2676192206615429-307  -0.4293122570095520E-01  -0.7076672194153236E+03
 -0.9352973096771460E+00   0.2931500601334096-307  -0.3739795231233661E-01  -0.7075725073693907E+03
 -0.9446976762929852E+00  -0.3845995561581725-307  -0.3184975688810461E-01  -0.7072973909703337E+03
 -0.9541925229117050E+00  -0.2494153083446949-307  -0.2628656657973616E-01  -0.7077268701153582E+03
 -0.9637827991208379E+00   0.0000000000000000E+00  -0.2070830811345099E-01  -0.1200000000000000E+03
 -0.9734694640519098E+00   0.4630271848583481-307  -0.1511490778762598E-01  -0.7071009782191560E+03
 -0.9832534864763636E+00  -0.3182391256784600-307  -0.9506291470197003E-02  -0.7074723395110847E+03
 -0.9931358449024460E+00   0.1674750988795138E-17  -0.3882384596045370E-02  -0.3673644191407465E+02
 -0.1003117527673069E+01   0.0000000000000000E+00   0.1756887835628339E-02  -0.1200000000000000E+03
 -0.1013199533064656E+01   0.3678288265207896-307   0.7411601263946915E-02  -0.7073166261994082E+03
 -0.1023382869386978E+01  -0.1427400761577610-301   0.1308183156901237E-01  -0.6944588093972499E+03
 -0.1033668555083998E+01  -0.2486222264166300-307   0.1876765507457659E-01  -0.7077010148418909E+03
 -0.1044057618835725E+01  -0.3135114485065597-307   0.2446914855072538E-01  -0.7074654577353566E+03
 -0.1054551099661095E+01   0.0000000000000000E+00   0.3018638921657881E-01  -0.1200000000000000E+03
 -0.1065150047021878E+01  -0.6948668274839236-307   0.3591945474300383E-01  -0.7066622446543207E+03
 -0.1075855520927647E+01  -0.4910682139416366-307   0.4166842325534548E-01  -0.7070057088966952E+03
 -0.1086668592041777E+01  -0.3136601796751952-307   0.4743337333616653E-01  -0.7074503031604223E+03
 -0.1097590341788537E+01   0.3001153379338346-307   0.5321438402801019E-01  -0.7074907621724352E+03
 -0.1108621862461229E+01   0.4449993330956948-307   0.5901153483616738E-01  -0.7070931662761081E+03
 -0.1119764257331441E+01   0.0000000000000000E+00   0.6482490573146690E-01  -0.1200000000000000E+03
 -0.1131018640759382E+01  -0.3727263590507358-307   0.7065457715307918E-01  -0.7072629975839851E+03
 -0.1142386138305329E+01   0.5322627483485295-307   0.7650063001133042E-01  -0.7069029978982244E+03
 -0.1153867886842198E+01  -0.1437762277100775-306   0.8236314569053774E-01  -0.7060133920122510E+03
 -0.1165465034669241E+01   0.3101419223233604-307   0.8824220605185260E-01  -0.7074356742950982E+03
 -0.1177178741626886E+01  -0.2405234564271252-307   0.9413789343612516E-01  -0.7076861628075101E+03
 -0.1189010179212744E+01  -0.4252306817951331-307   0.1000502906667826E+00  -0.7071126191201504E+03
 -0.1200960530698758E+01   0.0000000000000000E+00   0.1059794810527175E+00  -0.1200000000000000E+03
 -0.1213030991249553E+01  -0.2383248287090787-307   0.1119255483911985E+00  -0.7076841405082994E+03
 -0.1225222768041959E+01  -0.2838778906734875-307   0.1178885769707900E+00  -0.7075054845676949E+03
 -0.1237537080385746E+01   0.5604431808672407-307   0.1238686515742932E+00  -0.7068215489664721E+03
 -0.1249975159845567E+01  -0.6302059098795865-307   0.1298658574816956E+00  -0.7067004727209733E+03
 -0.1262538250364129E+01  -0.2489100771611052-307   0.1358802804731417E+00  -0.7076256645531389E+03
 -0.1275227608386597E+01  -0.3032680343763136-307   0.1419120068319140E+00  -0.7074243705849015E+03
 -0.1288044502986253E+01   0.0000000000000000E+00   0.1479611233474338E+00  -0.1200000000000000E+03
 -0.1300990215991423E+01   0.4382175056775398-307   0.1540277173182754E+00  -0.7070487182623282E+03
 -0.1314066042113666E+01   0.0000000000000000E+00   0.1601118765551948E+00  -0.1200000000000000E+03
 -0.1327273289077263E+01   0.4466277130769688-307   0.1662136893841749E+00  -0.7070221321149020E+03
 -0.1340613277750003E+01  -0.3299719791060016-307   0.1723332446494870E+00  -0.7073210534094521E+03
 -0.1354087342275285E+01  -0.6519103354919669-307   0.1784706317167664E+00  -0.7069225049981529E+03
 -0.1367696830205545E+01   0.2708343950196604-307   0.1846259404761052E+00  -0.7075109443497017E+03
 -0.1381443102637026E+01   0.3349385989778109-307   0.1907992613451572E+00  -0.7072946917889971E+03
 -0.1395327534345904E+01   0.1705512053764376E-17   0.1969906852722645E+00  -0.3673649372750766E+02
 -0.1409351513925782E+01   0.2206382322536400E-17   0.2032003037395946E+00  -0.3673629015032157E+02
 -0.1423516443926558E+01   0.3176454964522519-307   0.2094282087662933E+00  -0.7073362315179884E+03
 -0.1437823740994702E+01  -0.2958740706686505-307   0.2156744929116584E+00  -0.7074033987835110E+03
 -0.1452274836014929E+01   0.3903939681427986-307   0.2219392492783214E+00  -0.7071223360773828E+03
 -0.1466871174253313E+01  -0.4488815964811249-307   0.2282225715154547E+00  -0.7069788876622941E+03
 -0.1481614215501820E+01   0.0000000000000000E+00   0.2345245538219858E+00  -0.1200000000000000E+03
 -0.1496505434224308E+01  -0.4696012166699489-307   0.2408452909498319E+00  -0.7073778465462375E+03
 -0.1511546319703986E+01   0.2909993506237691-307   0.2471848782071485E+00  -0.7074007562060322E+03
 -0.1526738376192361E+01   0.2677612001539410E-17   0.2535434114615971E+00  -0.3604347410613303E+02
 -0.1542083123059679E+01   0.2256859691609046E-17   0.2599209871436250E+00  -0.3604352677687010E+02
 -0.1557582094946880E+01   0.1704903954533413E-17   0.2663177022497646E+00  -0.3673651332554311E+02
 -0.1573236841919072E+01   0.9235353804074372E-18   0.2727336543459442E+00  -0.3673671677125441E+02
 -0.1589048929620564E+01  -0.1404106333925560E-17   0.2791689415708213E+00  -0.3673660805440679E+02
 -0.1605019939431441E+01   0.0000000000000000E+00   0.2856236626391260E+00  -0.1200000000000000E+03
 -0.1621151468625721E+01  -0.3820291556615504-307   0.2920979168450240E+00  -0.7077392606417773E+03
 -0.1637445130531098E+01   0.3727185083026978-307   0.2985918040654937E+00  -0.7077882185560409E+03
 -0.1653902554690296E+01   0.4048091836146055-307   0.3051054247637230E+00  -0.7077312909310554E+03
 -0.1670525387024037E+01  -0.2303613970061686-307   0.3116388799925170E+00  -0.7075955129777984E+03
 -0.1687315289995654E+01  -0.1060327187705919E-17   0.3181922713977271E+00  -0.3673669470041094E+02
 -0.1704273942777351E+01   0.1111810477793483-278   0.3247657012216921E+00  -0.6418971800792859E+03
 -0.1721403041418146E+01   0.1042049457989815E-17   0.3313592723067014E+00  -0.3604362813529326E+02
 -0.1738704299013485E+01   0.1231003744018448E-17   0.3379730880984656E+00  -0.3673666047752633E+02
 -0.1756179445876577E+01   0.3511792539374249E-17   0.3446072526496128E+00  -0.3604337014587187E+02
 -0.1773830229711442E+01  -0.2430268410407576E-17   0.3512618706231958E+00  -0.3673626145311977E+02
 -0.1791658415787699E+01   0.1619288586755549E-17   0.3579370472962169E+00  -0.3604359389294800E+02
 -0.1809665787117112E+01  -0.1359630344950347E-17   0.3646328885631699E+00  -0.3673663384184927E+02
 -0.1827854144631917E+01   0.0000000000000000E+00   0.3713495009395977E+00  -0.1200000000000000E+03
 -0.1846225307364923E+01  -0.2010825549316577E-17   0.3780869915656663E+00  -0.3673644045598196E+02
 -0.1864781112631444E+01   0.2384684761104268E-16   0.3848454682097563E+00  -0.3668882679982831E+02
 -0.1883523416213050E+01   0.1906045069970702E-17   0.3916250392720705E+00  -0.3604357347835177E+02
 -0.1902454092543162E+01  -0.3879802962658528E-17   0.3984258137882584E+00  -0.3604332443520251E+02
 -0.1921575034894512E+01  -0.5672016460400983-307   0.4052479014330532E+00  -0.7070474137297488E+03
 -0.1940888155568502E+01   0.5747796228211434-307   0.4120914125239343E+00  -0.7070339619079259E+03
 -0.1960395386086446E+01  -0.8423716626599594E-18   0.4189564580247984E+00  -0.3673673968314186E+02
 -0.1980098677382744E+01   0.5567776110550861-307   0.4258431495496489E+00  -0.7066456307570944E+03
 -0.2000000000000000E+01  -0.7798574740577023-307   0.4327515993663050E+00  -0.7067264918515828E+03
 -0.2020099324185751E+01   0.1974377884473138E-17   0.4396812263054934E+00  -0.3673647245144439E+02
 -0.2040400639787863E+01  -0.5798751648261483-307   0.4466328336405621E+00  -0.7070194932043582E+03
 -0.2060905976751818E+01  -0.7157829895178001E-18   0.4536065355888151E+00  -0.3673675797611418E+02
 -0.2081617385423361E+01   0.8097320003786185-307   0.4606024470360977E+00  -0.7066806834833715E+03
 -0.2102536936753516E+01   0.2835764040049141E-17   0.4676206835405862E+00  -0.3604348839309512E+02
 -0.2123666722505680E+01   0.4150600458482689E-17   0.4746613613365974E+00  -0.3604330223434063E+02
 -0.2145008855464745E+01   0.5035841442956600-307   0.4817245973384024E+00  -0.7067138329371468E+03
 -0.2166565469648392E+01  -0.8691779241640432E-18   0.4888105091440745E+00  -0.3673673974048000E+02
 -0.2188338720520450E+01  -0.9453778815877851E-18   0.4959192150393381E+00  -0.3673672906926208E+02
 -0.2210330785206438E+01   0.1827002669183383E-17   0.5030508340014470E+00  -0.3673653529612989E+02
 -0.2232543862711241E+01   0.2042833572782541E-15   0.5102054857030712E+00  -0.3555674673388094E+02
 -0.2254980174139010E+01   0.2254922484182471E-17   0.5173832905162055E+00  -0.3673640172095096E+02
 -0.2277641962915239E+01   0.8306268379977348E-23   0.5245843695160891E+00  -0.3604365338911715E+02
 -0.2300531495011090E+01  -0.8712401655650824-307   0.5318088444851521E+00  -0.7065501428711968E+03
 -0.2323651059169967E+01  -0.2527901140115496E-18   0.5390568379169651E+00  -0.3673679565182349E+02
 -0.2347002967136379E+01   0.5278802396023212-307   0.5463284730202222E+00  -0.7066300924037233E+03
 -0.2370589553887076E+01  -0.6203851351615402E-16   0.5536238737227216E+00  -0.3597543692067948E+02
 -0.2394413177864541E+01   0.2101222477713756E-17   0.5609431646753837E+00  -0.3673646749150142E+02
 -0.2418476221212807E+01   0.4143668439385912-307   0.5682864712562707E+00  -0.7068599143018170E+03
 -0.2442781090015650E+01   0.2023466795203451E-17   0.5756539195746300E+00  -0.3673649570663972E+02
 -0.2467330214537172E+01   0.4315158329179409E-16   0.5830456364749523E+00  -0.3601034354046551E+02
 -0.2492126049464812E+01   0.0000000000000000E+00   0.5904617495410494E+00  -0.3604365338911715E+02
 -0.2517171074154785E+01   0.6844020902530901-307   0.5979023871001465E+00  -0.7063416579960026E+03
 -0.2542467792880003E+01   0.2667945859549525E-17   0.6053676782269919E+00  -0.3604352432291321E+02
 -0.2568018735080465E+01  -0.1148529827343425E-17   0.6128577527479822E+00  -0.3604362962579078E+02
 -0.2593826455616197E+01   0.2236523075926612-307   0.6203727412453108E+00  -0.7069594481207773E+03
 -0.2619893535022701E+01  -0.2926507553469070E-17   0.6279127750611260E+00  -0.3604350116400859E+02
 -0.2646222579768989E+01   0.1326825819813541E-17   0.6354779863017130E+00  -0.3673667623604939E+02
 -0.2672816222518204E+01   0.1266658115847350E-15   0.6430685078416817E+00  -0.3582039493836354E+02
 -0.2699677122390868E+01  -0.1010458004572750E-17   0.6506844733281878E+00  -0.3673672941441676E+02
 -0.2726807965230762E+01  -0.1813535413586856E-22   0.6583260171851565E+00  -0.3604365338911715E+02
 -0.2754211463873494E+01  -0.4147022303857029-307   0.6659932746175345E+00  -0.7068053229283259E+03
 -0.2781890358417746E+01  -0.1930531688019843E-15   0.6736863816155475E+00  -0.3583337503251067E+02
 -0.2809847416499271E+01   0.8506155980452277E-17   0.6814054749589857E+00  -0.3604242769574962E+02
 -0.2838085433567627E+01  -0.1198971668083797E-17   0.6891506922215038E+00  -0.3673670370935167E+02
 -0.2866607233165693E+01   0.1778704533146927E-16   0.6969221717749297E+00  -0.3494445323634450E+02
 -0.2895415667212000E+01  -0.6576871700993862E-23   0.7047200527936025E+00  -0.3673680056967710E+02
 -0.2924513616285896E+01  -0.3498894121877168-307   0.7125444752587242E+00  -0.7069501754724548E+03
 -0.2953903989915584E+01  -0.4628932168931117-307   0.7203955799627142E+00  -0.7066660982152341E+03
 -0.2983589726869031E+01   0.8811678306400900-307   0.7282735085136096E+00  -0.7060181439207812E+03
 -0.3013573795447841E+01   0.3960990852065498-307   0.7361784033394569E+00  -0.7068135204882735E+03
 -0.3043859193784036E+01   0.1247105468201356E-16   0.7441104076927342E+00  -0.3604116157470771E+02
 -0.3074448950139858E+01   0.0000000000000000E+00   0.7520696656547811E+00  -0.1200000000000000E+03
 -0.3105346123210559E+01  -0.4778187834610037E-17   0.7600563221402625E+00  -0.3604329181972414E+02
 -0.3136553802430248E+01  -0.3147202061813225E-16   0.7680705229016297E+00  -0.3777783579524099E+02
 -0.3168075108280797E+01  -0.2680684104844706-307   0.7761124145336109E+00  -0.7066692456754636E+03
 -0.3199913192603868E+01  -0.1739956290397875E-19   0.7841821444777142E+00  -0.3535050620738274E+02
 -0.3232071238916071E+01   0.4486532469080334E-18   0.7922798610267563E+00  -0.3604365028715656E+02
 -0.3264552462727278E+01  -0.1169323104079009E-22   0.8004057133293933E+00  -0.3535050620855721E+02
 -0.3297360111862152E+01  -0.1832962231958843E-15   0.8085598513946863E+00  -0.3545107290463045E+02
 -0.3330497466784894E+01  -0.9993083545837997-307   0.8167424260966658E+00  -0.7058458021822737E+03
 -0.3363967840927262E+01  -0.2230745171337760E-17   0.8249535891789239E+00  -0.3604357881498713E+02
 -0.3397774581019879E+01   0.5965222718749595E-17   0.8331934932592426E+00  -0.3604312408367677E+02
 -0.3431921067426891E+01   0.7466110211332084-307   0.8414622918341861E+00  -0.7061245389152590E+03
 -0.3466410714483952E+01   0.2973233713149529E-15   0.8497601392837771E+00  -0.3525471582237545E+02
 -0.3501246970839639E+01   0.4874751022033810E-16   0.8580871908761339E+00  -0.3737861016405815E+02
 -0.3536433319800280E+01  -0.5528557704456533E-17   0.8664436027721627E+00  -0.3604321130170401E+02
 -0.3571973279678259E+01  -0.4673422956639557E-17   0.8748295320302437E+00  -0.3604333966716755E+02
 -0.3607870404143805E+01  -0.5372212550944774-307   0.8832451366109539E+00  -0.7055559524328340E+03
 -0.3644128282580337E+01   0.3260051667559644E-17   0.8916905753817936E+00  -0.3604350285082309E+02
 -0.3680750540443359E+01  -0.3960837403494300E-15   0.9001660081219297E+00  -0.3519920340330864E+02
 -0.3717740839622981E+01   0.2584019922639473-307   0.9086715955269571E+00  -0.7065690773292994E+03
 -0.3755102878810075E+01  -0.5130491165945393E-16   0.9172074992137117E+00  -0.3735227188006835E+02
 -0.3792840393866098E+01  -0.1587404719528339E-17   0.9257738817250258E+00  -0.3673666180564079E+02
 -0.3830957158196659E+01   0.2032799800827772E-15   0.9343709065345835E+00  -0.3309765197855446E+02
 -0.3869456983128817E+01   0.5960132118076211E-15   0.9429987380517282E+00  -0.3413322398858030E+02
 -0.3908343718292179E+01   0.2034947479676504E-15   0.9516575416263400E+00  -0.3378621604784386E+02
 -0.3947621252003830E+01  -0.1913393419772409E-15   0.9603474835536838E+00  -0.3441499576732021E+02
 -0.3987293511657121E+01  -0.2695360444294847E-15   0.9690687310793258E+00  -0.3515362922229445E+02
 -0.4027364464114393E+01  -0.4769472201202353E-17   0.9778214524040036E+00  -0.3604335346978689E+02
 -0.4067838116103602E+01   0.2143976327262652E-17   0.9866058166885820E+00  -0.3535049116223691E+02
 -0.4108718514618960E+01  -0.7839582017569937E-17   0.9954219940589639E+00  -0.3535030651996744E+02
 -0.4150009747325616E+01   0.4655628271378016E-15   0.1004270155611081E+01  -0.3282032196563096E+02
 -0.4191715942968377E+01   0.8746090802193833E-23   0.1013150473415835E+01  -0.3333560318801494E+02
 -0.4233841271784526E+01   0.2091401450189616E-15   0.1022063120524140E+01  -0.3566968221764902E+02
 -0.4276389945920834E+01   0.1800947184451219E-16   0.1031008270971875E+01  -0.3479055621845420E+02
 -0.4319366219854706E+01   0.6393069000014910E-16   0.1039986099784968E+01  -0.3417064009978455E+02
 -0.4362774390819630E+01   0.2645304867573225E-17   0.1048996782984384E+01  -0.3604356632151227E+02
 -0.4406618799234815E+01   0.2442732933602237E-15   0.1058040497591251E+01  -0.3254646944527445E+02
 -0.4450903829139238E+01   0.1467009907135800E-16   0.1067117421631914E+01  -0.3494474796265582E+02
 -0.4495633908629971E+01  -0.3761125602713123E-17   0.1076227734143060E+01  -0.3494502196808947E+02
 -0.4540813510304973E+01   0.3491044129358256E-16   0.1085371615176748E+01  -0.3465643947311262E+02
 -0.4586447151710304E+01  -0.6015835398096012E-16   0.1094549245805677E+01  -0.3512046508111990E+02
 -0.4632539395791825E+01   0.2957645998612874E-16   0.1103760808128244E+01  -0.3327102398413184E+02
 -0.4679094851351468E+01   0.1318631976354610E-14   0.1113006485273739E+01  -0.3319661942472442E+02
 -0.4726118173508065E+01   0.2842901436564067E-14   0.1122286461407623E+01  -0.3324328555309179E+02
 -0.4773614064162812E+01   0.2677648172772805E-17   0.1131600921736531E+01  -0.3673646672795237E+02
 -0.4821587272469447E+01  -0.2237903194850412E-14   0.1140950052513714E+01  -0.3360311896106575E+02
 -0.4870042595309074E+01   0.1664951149450773E-17   0.1150334041044185E+01  -0.3604362158796586E+02
 -0.4918984877769838E+01   0.5612298714208964E-17   0.1159753075689974E+01  -0.3453955828057108E+02
 -0.4968419013631389E+01   0.1007305522465072E-14   0.1169207345875420E+01  -0.3431178482454096E+02
 -0.5018349945854202E+01   0.5220160978089048E-16   0.1178697042092498E+01  -0.3333546734347097E+02
 -0.5068782667073832E+01   0.1028456401777939E-15   0.1188222355906130E+01  -0.3558840881434562E+02
 -0.5119722220100146E+01  -0.7194865359322705E-17   0.1197783479959452E+01  -0.3535036321366181E+02
 -0.5171173698421540E+01  -0.2745344180631941E-16   0.1207380607979260E+01  -0.3355868933612658E+02
 -0.5223142246714237E+01  -0.3675398598161874E-16   0.1217013934781356E+01  -0.3340452103942459E+02
 -0.5275633061356737E+01   0.5888677581812791E-15   0.1226683656275968E+01  -0.3446530614733115E+02
 -0.5328651390949375E+01   0.9863324217860327E-15   0.1236389969472975E+01  -0.3402333273449237E+02
 -0.5382202536839144E+01  -0.2040787186777508E-17   0.1246133072487614E+01  -0.3563816858348412E+02
 -0.5436291853649797E+01   0.2036328247975890E-16   0.1255913164545768E+01  -0.3425177228628075E+02
 -0.5490924749817229E+01  -0.6949759758577749E-17   0.1265730445989459E+01  -0.3494498485508280E+02
 -0.5546106688130300E+01  -0.5294408440609207E-18   0.1275585118282228E+01  -0.3673678890696970E+02
 -0.5601843186277044E+01   0.5250182445224694E-17   0.1285477384014860E+01  -0.3604336892663066E+02
 -0.5658139817396412E+01   0.2011989797986932E-16   0.1295407446910838E+01  -0.3384637761661330E+02
 -0.5715002210635489E+01  -0.3541957014290258E-14   0.1305375511831673E+01  -0.3175629203865265E+02
 -0.5772436051712409E+01   0.2907652550459692E-15   0.1315381784782639E+01  -0.3485825586160679E+02
 -0.5830447083484851E+01   0.1278836111318884E-16   0.1325426472918483E+01  -0.3535009704215565E+02
 -0.5889041106524266E+01  -0.8146283018175782E-17   0.1335509784548691E+01  -0.3465731782271290E+02
 -0.5948223979695887E+01  -0.3592009416605503E-16   0.1345631929143443E+01  -0.3433848496000392E+02
 -0.6008001620744573E+01  -0.7658010945270654E-17   0.1355793117338952E+01  -0.3535036279385812E+02
 -0.6068380006886501E+01   0.7445129629379593E-17   0.1365993560943366E+01  -0.3535037169738241E+02
 -0.6129365175406872E+01   0.7428217669415371E-17   0.1376233472942343E+01  -0.3535037333857802E+02
 -0.6190963224263549E+01  -0.4717540028437151E-17   0.1386513067504576E+01  -0.3512732862037463E+02
 -0.6253180312696816E+01   0.2654733443743150E-15   0.1396832559987875E+01  -0.3194912317276098E+02
 -0.6316022661845234E+01   0.2988190157919324E-16   0.1407192166944646E+01  -0.3396408055100689E+02
 -0.6379496555367721E+01  -0.7748585737521787E-17   0.1417592106127533E+01  -0.3494497880287204E+02
 -0.6443608340071832E+01   0.1950056596664023E-16   0.1428032596495564E+01  -0.3327105090234195E+02
 -0.6508364426548391E+01  -0.5092665301520145E-16   0.1438513858219559E+01  -0.3340447441106557E+02
 -0.6573771289812496E+01   0.1582798902721918E-15   0.1449036112688164E+01  -0.3264220212607948E+02
 -0.6639835469950953E+01  -0.1309702332682852-306   0.1459599582513796E+01  -0.7046266101250889E+03
 -0.6706563572776251E+01  -0.6989701927321336E-16   0.1470204491537935E+01  -0.3364539561863432E+02
 -0.6773962270487040E+01  -0.5628031945028712E-14   0.1480851064837896E+01  -0.3262848523797390E+02
 -0.6842038302335320E+01  -0.2016879141535129E-13   0.1491539528731671E+01  -0.3017350809518139E+02
 -0.6910798475300301E+01  -0.8096095370395376E-14   0.1502270110784936E+01  -0.3029795096101660E+02
 -0.6980249664769024E+01  -0.1167741611594922E-14   0.1513043039816010E+01  -0.3404929968795968E+02
 -0.7050398815223862E+01   0.2707811392304045E-16   0.1523858545902390E+01  -0.3409761405184501E+02
 -0.7121252940936868E+01   0.9514681887258024E-14   0.1534716860386671E+01  -0.3230675234480365E+02
 -0.7192819126671182E+01   0.8254347742043138E-16   0.1545618215882218E+01  -0.3299899966012658E+02
 -0.7265104528389400E+01  -0.1559107665056902E-13   0.1556562846279530E+01  -0.3160029327285376E+02
 -0.7338116373969131E+01   0.1647582061139344E-13   0.1567550986752156E+01  -0.3057041503877670E+02
 -0.7411861963925717E+01   0.3690689228768322E-14   0.1578582873762566E+01  -0.3015667789006240E+02
 -0.7486348672142203E+01   0.5744235169316354E-16   0.1589658745068894E+01  -0.3384609354159622E+02
 -0.7561583946606681E+01  -0.8361177756254720E-14   0.1600778839730067E+01  -0.3251256174187792E+02
 -0.7637575310156990E+01   0.4804700169795468E-16   0.1611943398112531E+01  -0.3309916259778234E+02
 -0.7714330361232956E+01   0.1258956856845646E-13   0.1623152661896316E+01  -0.3211898277786459E+02
 -0.7791856774636154E+01   0.9357393938577963E-16   0.1634406874081310E+01  -0.3355826210552922E+02
 -0.7870162302297331E+01  -0.3458482280049427E-15   0.1645706278993016E+01  -0.3407879737596124E+02
 -0.7949254774051505E+01   0.1497808388616635E-15   0.1657051122289025E+01  -0.3299873192119689E+02
 -0.8029142098420909E+01   0.3753804859636392E-16   0.1668441650966094E+01  -0.3425158932645933E+02
 -0.8109832263405721E+01   0.1785864093548437E-15   0.1679878113364204E+01  -0.3217234550182093E+02
 -0.8191333337282840E+01  -0.5126638202126231E-15   0.1691360759175371E+01  -0.3147908680454828E+02
 -0.8273653469412642E+01   0.3481638604038837E-16   0.1702889839447824E+01  -0.3330277503063818E+02
 -0.8356800891053780E+01   0.2584779821801316E-13   0.1714465606593994E+01  -0.2987475243861763E+02
 -0.8440783916186311E+01   0.2309423964536292E-16   0.1726088314396432E+01  -0.3235477144293914E+02
 -0.8525610942342954E+01   0.5162032278676283E-16   0.1737758218012743E+01  -0.3257789818958727E+02
 -0.8611290451448822E+01  -0.8592362092659165E-17   0.1749475573984158E+01  -0.3465732508783309E+02
 -0.8697831010669489E+01   0.4808391437341700E-13   0.1761240640239144E+01  -0.3044494242837862E+02
 -0.8785241273267651E+01  -0.1723310045288198E-14   0.1773053676105091E+01  -0.2976881514950809E+02
 -0.8873529979468376E+01  -0.5449427272155792E-15   0.1784914942307997E+01  -0.3163054200422483E+02
 -0.8962705957333025E+01   0.6648691288151177E-14   0.1796824700983735E+01  -0.2978006520851352E+02
 -0.9052778123642028E+01  -0.3759196879256461E-17   0.1808783215682005E+01  -0.3604355360459157E+02
 -0.9143755484786405E+01  -0.2626959877642482E-15   0.1820790751374776E+01  -0.3292918421194791E+02
 -0.9235647137668389E+01  -0.4484653485123223E-15   0.1832847574462374E+01  -0.3110910714618537E+02
 -0.9328462270610990E+01   0.2777899764867266E-16   0.1844953952779199E+01  -0.3340456893257313E+02
 -0.9422210164276759E+01   0.1413197957798533E-13   0.1857110155599534E+01  -0.3162007292085723E+02
 -0.9516900192595795E+01  -0.5618228994525895E-15   0.1869316453648479E+01  -0.3193220490481193E+02
 -0.9612541823703008E+01   0.7944913924187689E-13   0.1881573119102413E+01  -0.3036765267124758E+02
 -0.9709144620884851E+01  -0.1455642013832306E-13   0.1893880425600527E+01  -0.3198805391997632E+02
 -0.9806718243535604E+01  -0.4220169848687628E-13   0.1906238648248104E+01  -0.2828850659175880E+02
 -0.9905272448123172E+01   0.2125974762685892E-16   0.1918648063627915E+01  -0.3465717381858678E+02
 -0.1000481708916468E+02   0.2857950988254353E-14   0.1931108949803003E+01  -0.3369232211001216E+02
 -0.1010536212021180E+02  -0.2711109964163546E-15   0.1943621586321503E+01  -0.3125612872593209E+02
 -0.1020691759484608E+02  -0.5973155549088085E-13   0.1956186254230758E+01  -0.3064496404374107E+02
 -0.1030949366768410E+02  -0.5028838859657836E-16   0.1968803236078346E+01  -0.3121533862511196E+02
 -0.1041310059539296E+02   0.6481520229632635E-13   0.1981472815917175E+01  -0.3059033210613668E+02
 -0.1051774873771578E+02   0.1086437721226306E-12   0.1994195279321425E+01  -0.3003851042398129E+02
 -0.1062344855850758E+02   0.1685589653848641E-16   0.2006970913392986E+01  -0.3494484582597743E+02
 -0.1073021062678163E+02   0.3134568003946297E-15   0.2019800006734425E+01  -0.3290702090364730E+02
 -0.1083804561776616E+02   0.9431723365558241E-17   0.2032682849515566E+01  -0.3535037091738040E+02
 -0.1094696431397188E+02   0.1771733165750602E-14   0.2045619733438833E+01  -0.3422317032205962E+02
 -0.1105697760627007E+02   0.6266992292474479E-17   0.2058610951761312E+01  -0.3535044746528438E+02
 -0.1116809649498158E+02  -0.2042129620168389E-16   0.2071656799283492E+01  -0.3465720441081585E+02
 -0.1128033209097677E+02   0.1593624407198567E-16   0.2084757572384951E+01  -0.3535013280659341E+02
 -0.1139369561678651E+02   0.2145183563009852E-16   0.2097913569011655E+01  -0.3512693328557413E+02
 -0.1150819840772429E+02   0.3220522230642405E-14   0.2111125088688185E+01  -0.3364885304614566E+02
 -0.1162385191301968E+02  -0.1006625291477052E-16   0.2124392432525002E+01  -0.3465732269961527E+02
 -0.1174066769696315E+02   0.1171240822782610E-16   0.2137715903225523E+01  -0.3433887950202822E+02
 -0.1185865744006236E+02   0.1630407636652371E-16   0.2151095805098056E+01  -0.3512712282247644E+02
 -0.1197783294021015E+02   0.1019743114778514E-14   0.2164532444043949E+01  -0.3453024247164534E+02
 -0.1209820611386418E+02   0.1140090233814472E-14   0.2178026127594428E+01  -0.3343777425746098E+02
 -0.1221978899723847E+02   0.2452930879929945E-16   0.2191577164897517E+01  -0.3494467362632775E+02
 -0.1234259374750696E+02   0.1789261503513974E-16   0.2205185866730617E+01  -0.3494484719557979E+02
 -0.1246663264401905E+02   0.4015751125257424-306   0.2218852545507951E+01  -0.7058179512017572E+03
 -0.1259191808952745E+02   0.1608520344121501E-16   0.2232577515287899E+01  -0.3535015961797126E+02
 -0.1271846261142836E+02  -0.4801100976516866E-15   0.2246361091780499E+01  -0.3482465443335796E+02
 -0.1284627886301410E+02   0.1125766891816023E-14   0.2260203592359400E+01  -0.3473838192110781E+02
 -0.1297537962473824E+02   0.2298006367813439E-16   0.2274105336050629E+01  -0.3374104070670215E+02
 -0.1310577780549364E+02   0.2679085773949747E-17   0.2288066643569168E+01  -0.3673665187170519E+02
 -0.1323748644390315E+02   0.1969860515698878E-14   0.2302087837306451E+01  -0.3368392123535167E+02
 -0.1337051870962340E+02  -0.1764287246520025E-15   0.2316169241343231E+01  -0.3442791530905870E+02
 -0.1350488790466157E+02   0.1570064627266676E-16   0.2330311181457077E+01  -0.3494490284033790E+02
 -0.1364060746470559E+02   0.9477319713152423E-17   0.2344513985130132E+01  -0.3604320401499580E+02
 -0.1377769096046743E+02  -0.1995758757245050E-15   0.2358777981556731E+01  -0.3299868295060987E+02
 -0.1391615209904019E+02   0.5078483564919596E-15   0.2373103501656221E+01  -0.3329755952975140E+02
 -0.1405600472526860E+02  -0.7700914236344884E-16   0.2387490878059909E+01  -0.3293008094444345E+02
 -0.1419726282313341E+02  -0.1040159126519631E-16   0.2401940445151021E+01  -0.3535037542735279E+02
 -0.1433994051714964E+02  -0.1492932322902232E-14   0.2416452539050402E+01  -0.3207897838693262E+02
 -0.1448405207377892E+02   0.2436868887827869E-16   0.2431027497630026E+01  -0.3494472759923941E+02
 -0.1462961190285601E+02  -0.2384024148955964E-16   0.2445665660520992E+01  -0.3443410836721704E+02
 -0.1477663455902962E+02  -0.5692596561375680E-15   0.2460367369121343E+01  -0.3421152054726011E+02
 -0.1492513474321777E+02   0.3223943291809496E-16   0.2475132966604118E+01  -0.3409764502088765E+02
 -0.1507512730407774E+02   0.2109242319220950E-16   0.2489962797925329E+01  -0.3417180287371924E+02
 -0.1522662723949080E+02   0.3822304530528957E-16   0.2504857209831953E+01  -0.3453924774998701E+02
 -0.1537964969806186E+02   0.2201181337318746E-15   0.2519816550875003E+01  -0.3645734374356550E+02
 -0.1553420998063417E+02  -0.1811074005408598E-16   0.2534841171397285E+01  -0.3425185317251324E+02
 -0.1569032354181931E+02   0.6754292435005139E-16   0.2549931423573013E+01  -0.3238007844505029E+02
 -0.1584800599154249E+02  -0.3029257409440225E-14   0.2565087661394196E+01  -0.3328359895398290E+02
 -0.1600727309660336E+02  -0.5072480144713660E-17   0.2580310240684705E+01  -0.3535047818387039E+02
 -0.1616814078225260E+02   0.2548746841431211E-15   0.2595599519108313E+01  -0.3257764357668344E+02
 -0.1633062513378427E+02   0.1190209543019051E-14   0.2610955856177131E+01  -0.3227918394194648E+02
 -0.1649474239814424E+02  -0.3779501289475771E-14   0.2626379613259827E+01  -0.3284083722374783E+02
 -0.1666050898555461E+02   0.2274311020294068E-16   0.2641871153590099E+01  -0.3374104653695923E+02
 -0.1682794147115476E+02   0.2083915974423622E-16   0.2657430842275073E+01  -0.3379234152538184E+02
 -0.1699705659665855E+02   0.1585263121395010E-16   0.2673059046303623E+01  -0.3479080562975571E+02
 -0.1716787127202844E+02   0.6655624655206321E-15   0.2688756134560069E+01  -0.3190802240986377E+02
 -0.1734040257716631E+02   0.6352806217982154E-15   0.2704522477812012E+01  -0.3223618212631246E+02
 -0.1751466776362127E+02  -0.4270057108460842E-16   0.2720358448750707E+01  -0.3396409716944429E+02
 -0.1769068425631463E+02   0.1035164719871706E-15   0.2736264421977830E+01  -0.3355844988931489E+02
 -0.1786846965528235E+02  -0.1042525736525445E-14   0.2752240774019746E+01  -0.3477690075334210E+02
 -0.1804804173743472E+02   0.1537855763337445E-14   0.2768287883336245E+01  -0.3443836063654584E+02
 -0.1822941845833407E+02  -0.3182646723070165E-16   0.2784406130329225E+01  -0.3443405805754912E+02
 -0.1841261795398994E+02   0.3894959427455534E-14   0.2800595897351550E+01  -0.3344478310312032E+02
 -0.1859765854267276E+02  -0.4018797071718084E-16   0.2816857568715823E+01  -0.3453927160566668E+02
 -0.1878455872674530E+02   0.3812592215728687E-16   0.2833191530703217E+01  -0.3417172104737678E+02
 -0.1897333719451287E+02  -0.8504125783057992E-16   0.2849598171572432E+01  -0.3355855842071069E+02
 -0.1916401282209191E+02   0.4731493543068842E-17   0.2866077881568664E+01  -0.3563815129695010E+02
 -0.1935660467529746E+02   0.3548384800173271E-17   0.2882631052937850E+01  -0.3604360700248039E+02
 -0.1955113201154957E+02  -0.3626501550682724E-16   0.2899258079913793E+01  -0.3479049854112939E+02
 -0.1974761428179885E+02   0.1530243255718237E-14   0.2915959358761217E+01  -0.3251001490531718E+02
 -0.1994607113247138E+02  -0.5679520640426570E-17   0.2932735287761478E+01  -0.3443421084843066E+02
 -0.2014652240743319E+02   0.3528795643811647E-16   0.2949586267227867E+01  -0.3465708241681234E+02
 -0.2034898814997442E+02   0.2362842496147421E-16   0.2966512699514683E+01  -0.3494482257264212E+02
 -0.2055348860481360E+02  -0.1731259705278790E-16   0.2983514989026653E+01  -0.3535024460733857E+02
 -0.2076004422012173E+02  -0.3750732905080043E-16   0.3000593542228082E+01  -0.3465705481338255E+02
 -0.2096867564956711E+02  -0.6689677051590594E-16   0.3017748767652364E+01  -0.3433839810515038E+02
 -0.2117940375438036E+02  -0.1584638200255251E-16   0.3034981075911311E+01  -0.3453953383931886E+02
 -0.2139224960544048E+02  -0.1995241231201612E-16   0.3052290879704552E+01  -0.3465727520808429E+02
 -0.2160723448538160E+02   0.1148029058812922E-16   0.3069678593829119E+01  -0.3494499220680043E+02
 -0.2182437989072121E+02  -0.1827968199722947E-16   0.3087144635188966E+01  -0.3384641516120019E+02
 -0.2204370753400952E+02   0.1284893062326524E-16   0.3104689422804528E+01  -0.3465732519073634E+02
 -0.2226523934600050E+02  -0.2968994209155665E-15   0.3122313377822450E+01  -0.3199178179917794E+02
 -0.2248899747784479E+02  -0.2617617206333479E-14   0.3140016923530194E+01  -0.3413879339640894E+02
 -0.2271500430330465E+02   0.5143959095746604E-17   0.3157800485345011E+01  -0.3535048509430744E+02
 -0.2294328242099108E+02  -0.3265611441080844E-17   0.3175664490856103E+01  -0.3673666565523804E+02
 -0.2317385465662344E+02  -0.1491016989512437E-15   0.3193609369811999E+01  -0.3256234732577461E+02
 -0.2340674406531192E+02   0.1576642905652631E-16   0.3211635554136485E+01  -0.3494495530547714E+02
 -0.2364197393386273E+02  -0.1128971644970557E-14   0.3229743477938278E+01  -0.3445781051398512E+02
 -0.2387956778310662E+02  -0.8286712987056502E-17   0.3247933577521184E+01  -0.3604344393790202E+02
 -0.2411954937025076E+02   0.2965492269649403E-15   0.3266206291394123E+01  -0.3299852844028293E+02
 -0.2436194269125421E+02   0.3991997534442042E-14   0.3284562060281218E+01  -0.3242458947302143E+02
 -0.2460677198322731E+02   0.6332740902960350E-16   0.3303001327131844E+01  -0.3209240526739747E+02
 -0.2485406172685516E+02  -0.1579532987177508E-16   0.3321524537130983E+01  -0.3535032274133637E+02
 -0.2510383664884553E+02  -0.2844929962292528E-16   0.3340132137709387E+01  -0.3465721157618152E+02
 -0.2535612172440118E+02  -0.5977891655628521E-16   0.3358824578553986E+01  -0.3374096507004003E+02
 -0.2561094217971722E+02  -0.2208221513369555E-14   0.3377602311618034E+01  -0.3378320027449710E+02
 -0.2586832349450354E+02  -0.2132525701828552E-15   0.3396465791131879E+01  -0.3672102536801538E+02
 -0.2612829140453250E+02   0.4358724330081635E-14   0.3415415473613062E+01  -0.3318710111572610E+02
 -0.2639087190421223E+02   0.5205535348062476E-16   0.3434451817877076E+01  -0.3425168429905573E+02
 -0.2665609124918592E+02   0.2274583344876552E-16   0.3453575285047927E+01  -0.3443415835928095E+02
 -0.2692397595895710E+02  -0.2309718883752726E-16   0.3472786338573514E+01  -0.3494487900741807E+02
 -0.2719455281954130E+02   0.2159005011571899E-15   0.3492085444216582E+01  -0.3267620737237763E+02
 -0.2746784888614455E+02   0.1715184447860831E-21   0.3511473070095883E+01  -0.3433890529687873E+02
 -0.2774389148586847E+02   0.2836045838753241E-14   0.3530949686676398E+01  -0.3221570855227058E+02
 -0.2802270822044284E+02  -0.1675648117204619E-16   0.3550515766785101E+01  -0.3417183369039233E+02
 -0.2830432696898553E+02  -0.3723930134445025E-17   0.3570171785622279E+01  -0.3535049715118494E+02
 -0.2858877589079010E+02   0.2455360861594187E-16   0.3589918220772309E+01  -0.3535011619771695E+02
 -0.2887608342814149E+02  -0.4393611205870196E-17   0.3609755552214746E+01  -0.3604360387755176E+02
 -0.2916627830915999E+02   0.1399931213761589E-15   0.3629684262335481E+01  -0.3384581426761510E+02
 -0.2945938955067380E+02   0.3039853430073964E-14   0.3649704835937810E+01  -0.3387311302400337E+02
 -0.2975544646112046E+02   0.2226829853122569E-16   0.3669817760253764E+01  -0.3443416598760019E+02
 -0.3005447864347735E+02   0.4577580385670950E-16   0.3690023524955223E+01  -0.3364571530453460E+02
 -0.3035651599822184E+02  -0.2162075615393531E-14   0.3710322622165486E+01  -0.3410908056385817E+02
 -0.3066158872632093E+02   0.6629661130311680E-17   0.3730715546470427E+01  -0.3604354672446111E+02
 -0.3096972733225116E+02  -0.2298170338476297E-16   0.3751202794930153E+01  -0.3396419200246727E+02
 -0.3128096262704880E+02   0.4453069593814681E-14   0.3771784867090480E+01  -0.3208456736391599E+02
 -0.3159532573139050E+02  -0.2502372851102158E-16   0.3792462264994368E+01  -0.3512712619120088E+02
 -0.3191284807870530E+02   0.4799821822013521E-16   0.3813235493193796E+01  -0.3465702235060173E+02
 -0.3223356141831757E+02  -0.4922270004939432E-16   0.3834105058761375E+01  -0.3465700822094227E+02
 -0.3255749781862162E+02  -0.1112494066559069E-13   0.3855071471301963E+01  -0.3254332868272027E+02
