 $IN
 LR      =  0.000000000000000E+000,
 LI      =  0.432751599366305     ,
 FAL     =  0.999900000000000     ,
 DLR     =  1.000000000000000E-008,
 DLI     =  1.000000000000000E-008,
 ALPHA   =  -2.00000000000000     ,
 FTOL    =  1.000000000000000E-005,
 ITMAX   =      100000,
 IALMAX  =      100000,
 IW      =         100
 $END
 alpha                    wr                       wi                       funk                    
 -0.2000000000000000E+01  -0.8323354108976659-307   0.4327515993663049E+00  -0.7066613675313220E+03
 -0.1980098677382744E+01   0.5567776110550861-307   0.4258431495496489E+00  -0.7066456307570944E+03
 -0.1960395386086446E+01  -0.8423716626599594E-18   0.4189564580247984E+00  -0.3673673968314186E+02
 -0.1940888155568502E+01   0.5747796228211434-307   0.4120914125239343E+00  -0.7070339619079259E+03
 -0.1921575034894512E+01  -0.5672016460400983-307   0.4052479014330532E+00  -0.7070474137297488E+03
 -0.1902454092543162E+01  -0.3879802962658528E-17   0.3984258137882584E+00  -0.3604332443520251E+02
 -0.1883523416213050E+01   0.1906045069970702E-17   0.3916250392720705E+00  -0.3604357347835177E+02
 -0.1864781112631444E+01   0.2384684761104268E-16   0.3848454682097563E+00  -0.3668882679982831E+02
 -0.1846225307364923E+01  -0.2010825549316577E-17   0.3780869915656663E+00  -0.3673644045598196E+02
 -0.1827854144631917E+01   0.0000000000000000E+00   0.3713495009395977E+00  -0.1200000000000000E+03
 -0.1809665787117112E+01  -0.1359630344950347E-17   0.3646328885631699E+00  -0.3673663384184927E+02
 -0.1791658415787699E+01   0.1619288586755549E-17   0.3579370472962169E+00  -0.3604359389294800E+02
 -0.1773830229711442E+01  -0.2430268410407576E-17   0.3512618706231958E+00  -0.3673626145311977E+02
 -0.1756179445876577E+01   0.3511792539374249E-17   0.3446072526496128E+00  -0.3604337014587187E+02
 -0.1738704299013485E+01   0.1231003744018448E-17   0.3379730880984656E+00  -0.3673666047752633E+02
 -0.1721403041418146E+01   0.1042049457989815E-17   0.3313592723067014E+00  -0.3604362813529326E+02
 -0.1704273942777351E+01   0.1111810477793483-278   0.3247657012216921E+00  -0.6418971800792859E+03
 -0.1687315289995654E+01  -0.1060327187705919E-17   0.3181922713977271E+00  -0.3673669470041094E+02
 -0.1670525387024037E+01  -0.2303613970061686-307   0.3116388799925170E+00  -0.7075955129777984E+03
 -0.1653902554690296E+01   0.4048091836146055-307   0.3051054247637230E+00  -0.7077312909310554E+03
 -0.1637445130531098E+01   0.3727185083026978-307   0.2985918040654937E+00  -0.7077882185560409E+03
 -0.1621151468625721E+01   0.4541519585164552-307   0.2920979168450238E+00  -0.7075663257187657E+03
