 $IN
 LR      =  0.000000000000000E+000,
 LI      = -0.429332071049662     ,
 FAL     =  0.999000000000000     ,
 DLR     =  1.000000000000000E-008,
 DLI     =  1.000000000000000E-008,
 ALPHA   = -0.428729187234464     ,
 FTOL    =  1.000000000000000E-005,
 ITMAX   =      100000,
 IALMAX  =       10000,
 IW      =          10
 $END
 alpha                    wr                       wi                       funk                    
 -0.4287291872344637E+00   0.2432380002861405E-17  -0.4293320710496617E+00  -0.3604336589741888E+02
 -0.4248817718759977E+00   0.1029075067486054E-16  -0.4334454582344542E+00  -0.3671654297450035E+02
 -0.4206520229402776E+00  -0.3019720224374555-306  -0.4380010009719592E+00  -0.7050077662063877E+03
 -0.4164643816618955E+00  -0.1347625215599838E-17  -0.4425462623223374E+00  -0.3673644294355412E+02
 -0.4123184288540782E+00   0.0000000000000000E+00  -0.4470812881523798E+00  -0.1200000000000000E+03
 -0.4082137495031075E+00   0.8384232939224321E-16  -0.4516061240715031E+00  -0.3622296640129782E+02
 -0.4041499327267762E+00   0.2298339051754793-307  -0.4561208154333405E+00  -0.7078155070489640E+03
 -0.4001265717332589E+00  -0.2184406892067482E-16  -0.4606254073373234E+00  -0.3664923609775050E+02
 -0.3961432637803917E+00   0.2706569409435329-307  -0.4651199446302526E+00  -0.7076553950148106E+03
 -0.3921996101353566E+00  -0.4611435442344188E-17  -0.4696044719078604E+00  -0.3911442689722845E+02
 -0.3882952160347691E+00   0.2265373215253385E-16  -0.4740790335163622E+00  -0.3664206065618617E+02
 -0.3844296906451612E+00   0.2615637869652015-307  -0.4785436735539991E+00  -0.7076947362500292E+03
 -0.3806026470238592E+00  -0.3942695405062015-307  -0.4829984358725706E+00  -0.7072861255745868E+03
 -0.3768137020802496E+00   0.2816330967060089-307  -0.4874433640789583E+00  -0.7076243124258077E+03
 -0.3730624765374325E+00   0.9562530816879853E-18  -0.4918785015366389E+00  -0.3673661142686962E+02
 -0.3693485948942543E+00   0.6580067447671315-307  -0.4963038913671901E+00  -0.7065070819821096E+03
 -0.3656716853877208E+00  -0.2766532379098474-307  -0.5007195764517840E+00  -0.7076474893024692E+03
 -0.3620313799557828E+00  -0.3153627393105581E-16  -0.5051255994326737E+00  -0.3717418654906295E+02
 -0.3584273142004928E+00   0.2773047588624284-307  -0.5095220027146699E+00  -0.7076487463256443E+03
 -0.3548591273515287E+00  -0.1748470037562048E-17  -0.5139088284666078E+00  -0.3535046580607688E+02
 -0.3513264622300800E+00   0.4368469219608956-307  -0.5182861186228049E+00  -0.7069079293626598E+03
 -0.3478289652130941E+00  -0.4240615902448769E-16  -0.5226539148845109E+00  -0.3645211223041242E+02
 -0.3443662861978784E+00   0.4821941214780723E-18  -0.5270122587213464E+00  -0.3673675076124166E+02
 -0.3409380785670543E+00  -0.2808960103697009-307  -0.5313611913727347E+00  -0.7076450680239661E+03
 -0.3375439991538610E+00   0.2035507429960385E-16  -0.5357007538493235E+00  -0.3602175717944120E+02
 -0.3341837082078036E+00   0.2617576159202086-307  -0.5400309869343971E+00  -0.7077193707620545E+03
 -0.3308568693606443E+00  -0.4837349898068174E-16  -0.5443519311852818E+00  -0.3593008491782265E+02
 -0.3275631495927315E+00   0.0000000000000000E+00  -0.5486636269347407E+00  -0.1200000000000000E+03
 -0.3243022191996636E+00  -0.2364343254301656-307  -0.5529661142923596E+00  -0.7078267853959048E+03
 -0.3210737517592864E+00  -0.4255671494782912E-16  -0.5572594331459256E+00  -0.3684860352884394E+02
 -0.3178774240990171E+00   0.2082008719907757E-17  -0.5615436231627957E+00  -0.3604341319046264E+02
 -0.3147129162634948E+00  -0.2643976338254283-307  -0.5658187237912582E+00  -0.7077207354822472E+03
 -0.3115799114825522E+00   0.4660499564929876E-16  -0.5700847742618833E+00  -0.3593496151159378E+02
 -0.3084780961395073E+00  -0.1186371033090204E-17  -0.5743418135888676E+00  -0.3673648464053306E+02
 -0.3054071597397697E+00  -0.1317223397146892-286  -0.5785898805713690E+00  -0.6597087208323004E+03
 -0.3023667948797598E+00   0.1228667025296505E-17  -0.5828290137948322E+00  -0.3673645885550467E+02
 -0.2993566972161372E+00   0.2907351942634905-307  -0.5870592516323085E+00  -0.7076354691925802E+03
 -0.2963765654353364E+00  -0.2018466404688030E-17  -0.5912806322457638E+00  -0.3604342086598336E+02
 -0.2934261012234043E+00   0.8890476350715683E-18  -0.5954931935873813E+00  -0.3673661936474787E+02
 -0.2905050092361388E+00   0.1439798690819629E-17  -0.5996969734008548E+00  -0.3604353407249674E+02
 -0.2876129970695248E+00  -0.2823597854855550E-18  -0.6038920092226732E+00  -0.3673678213593649E+02
 -0.2847497752304644E+00  -0.1236577444229524E-16  -0.6080783383833979E+00  -0.3603485557836010E+02
 -0.2819150571077977E+00   0.2405988812328934-307  -0.6122559980089310E+00  -0.7078365791624643E+03
 -0.2791085589436140E+00   0.2520031252713582E-17  -0.6164250250217771E+00  -0.3604328185193668E+02
 -0.2763299998048457E+00   0.4997037222044490E-17  -0.6205854561422959E+00  -0.3535013947684226E+02
 -0.2735791015551481E+00  -0.1938204275152203E-17  -0.6247373278899464E+00  -0.3604343175722290E+02
 -0.2708555888270572E+00  -0.3177643898630578E-18  -0.6288806765845236E+00  -0.3673677663804022E+02
 -0.2681591889944248E+00   0.2041775394659365E-17  -0.6330155383473897E+00  -0.3604340541884787E+02
 -0.2654896321451285E+00  -0.2684161103723585E-23  -0.6371419491026925E+00  -0.3673680056967710E+02
 -0.2628466510540538E+00  -0.4113145378851641-307  -0.6412599445785816E+00  -0.7069237396957138E+03
 -0.2602299811563442E+00  -0.8378162252431897E-18  -0.6453695603084117E+00  -0.3673663149086054E+02
 -0.2576393605209178E+00   0.7175410883448223E-18  -0.6494708316319429E+00  -0.3604362225413450E+02
 -0.2550745298242482E+00  -0.1290068039385104E-17  -0.6535637936965295E+00  -0.3604355234533742E+02
 -0.2525352323244056E+00  -0.1729541668605875E-17  -0.6576484814583037E+00  -0.3673607163357422E+02
 -0.2500212138353571E+00   0.6989309765172022-307  -0.6617249296833509E+00  -0.7063869897354078E+03
 -0.2475322227015219E+00  -0.3177782736422546-307  -0.6657931729488775E+00  -0.7075845687617098E+03
 -0.2450680097725810E+00   0.6599661071062039E-16  -0.6698532456443712E+00  -0.3616308112821369E+02
 -0.2426283283785363E+00  -0.8276850613936370-307  -0.6739051819727537E+00  -0.7062141248012521E+03
 -0.2402129343050194E+00   0.1005312055399265E-17  -0.6779490159515269E+00  -0.3673654917379687E+02
 -0.2378215857688451E+00   0.4612603937741374E-16  -0.6819847814139111E+00  -0.3592582398918803E+02
 -0.2354540433938086E+00   0.2461220212034105-307  -0.6860125120099749E+00  -0.7078503407798729E+03
 -0.2331100701867241E+00  -0.5625319688840671E-16  -0.6900322412077613E+00  -0.3587598967447710E+02
 -0.2307894315137012E+00  -0.2723271399979729E-17  -0.6940440022944017E+00  -0.3604318490712138E+02
 -0.2284918950766582E+00   0.3906258465966731-307  -0.6980478283772269E+00  -0.7069577684472312E+03
 -0.2262172308900685E+00  -0.1021361299295493-306  -0.7020437523848695E+00  -0.7059954625635010E+03
 -0.2239652112579388E+00   0.4141368250046477E-18  -0.7060318070683582E+00  -0.3673675669787545E+02
 -0.2217356107510170E+00   0.1267576936509433E-15  -0.7100120250022068E+00  -0.3514253421879253E+02
 -0.2195282061842259E+00  -0.5454197285037801E-17  -0.7139844385854958E+00  -0.3672918893038923E+02
 -0.2173427765943229E+00   0.1184919175313510E-15  -0.7179490800429451E+00  -0.3534219123391615E+02
 -0.2151791032177805E+00  -0.1876385985714803E-17  -0.7219059814259841E+00  -0.3604342472068046E+02
 -0.2130369694688885E+00   0.4160540883270085-307  -0.7258551746138092E+00  -0.7068867987724519E+03
 -0.2109161609180735E+00   0.1761095600805478-306  -0.7297966913144407E+00  -0.3563818828100899E+02
 -0.2088164652704341E+00   0.7618130813067692-307  -0.7337305630657680E+00  -0.7062797584606205E+03
 -0.2067376723444900E+00   0.4887331997527941-307  -0.7376568212365899E+00  -0.7067225827851416E+03
 -0.2046795740511427E+00   0.1157575843488636E-17  -0.7415754970276491E+00  -0.3673644568392090E+02
 -0.2026419643728459E+00  -0.7164108814435355E-18  -0.7454866214726585E+00  -0.3673666408545621E+02
 -0.2006246393429823E+00   0.0000000000000000E+00  -0.7493902254393221E+00  -0.1200000000000000E+03
 -0.1986273970254469E+00   0.4150481099025426E-16  -0.7532863396303482E+00  -0.3593980290898470E+02
 -0.1966500374944327E+00  -0.1421833559843942E-17  -0.7571749945844577E+00  -0.3604351743421088E+02
 -0.1946923628144181E+00  -0.1310828866662620E-16  -0.7610562206773840E+00  -0.3603218460996693E+02
 -0.1927541770203534E+00  -0.7443263790776622E-16  -0.7649300481228675E+00  -0.3618684205001679E+02
 -0.1908352860980443E+00  -0.2295315095331461-307  -0.7687965069736442E+00  -0.7079637585624112E+03
 -0.1889354979647313E+00  -0.4706112563200205-307  -0.7726556271224270E+00  -0.7067513235047328E+03
 -0.1870546224498616E+00  -0.1729583253147072E-17  -0.7765074383028807E+00  -0.3673598096723934E+02
 -0.1851924712760528E+00   0.6829707672447280E-16  -0.7803519700905918E+00  -0.3626528661885797E+02
 -0.1833488580402470E+00  -0.7739368338781432E-16  -0.7841892519040302E+00  -0.3574219541929813E+02
 -0.1815235981950505E+00   0.6517823935294327E-18  -0.7880193130055069E+00  -0.3604362393662647E+02
 -0.1797165090302613E+00   0.4200876987472874E-17  -0.7918421825021240E+00  -0.3604242677664303E+02
 -0.1779274096545791E+00   0.3567242156733125-306  -0.7956578893467190E+00  -0.7046638583545779E+03
 -0.1761561209774987E+00   0.0000000000000000E+00  -0.7994664623388023E+00  -0.1200000000000000E+03
 -0.1744024656913816E+00   0.5686559714059025E-18  -0.8032679301254906E+00  -0.3673670954670791E+02
 -0.1726662682537086E+00  -0.1927182404930361E-17  -0.8070623212024328E+00  -0.3604339110030553E+02
 -0.1709473548695072E+00  -0.3279759068812561E-16  -0.8108496639147293E+00  -0.3597267059738265E+02
 -0.1692455534739546E+00  -0.2459548516474234-307  -0.8146299864578470E+00  -0.7079197948273979E+03
 -0.1675606937151539E+00  -0.1340643863532493E-16  -0.8184033168785274E+00  -0.3668791716526143E+02
 -0.1658926069370819E+00  -0.8817955306244698E-18  -0.8221696830756895E+00  -0.3673657763421075E+02
 -0.1642411261627061E+00  -0.3810002941745619E-16  -0.8259291128013257E+00  -0.3643310343510542E+02
 -0.1626060860772705E+00  -0.6810479424272332E-16  -0.8296816336613936E+00  -0.3608535576585776E+02
 -0.1609873230117473E+00   0.3300326040318117E-17  -0.8334272731166998E+00  -0.3535030885897856E+02
 -0.1593846749264533E+00   0.2095368103233664-298  -0.8371660584837815E+00  -0.6867479744388344E+03
 -0.1577979813948301E+00  -0.5808235918716266E-17  -0.8408980169357770E+00  -0.3672704287925173E+02
 -0.1562270835873847E+00   0.1228675275470547E-17  -0.8446231755032974E+00  -0.3604354276451522E+02
 -0.1546718242557906E+00  -0.1192047806314066E-17  -0.8483415610752860E+00  -0.3673638267161673E+02
 -0.1531320477171474E+00  -0.1613893385915154E-17  -0.8520532003998778E+00  -0.3604346114797646E+02
 -0.1516075998383967E+00   0.9665729775914243E-16  -0.8557581200852484E+00  -0.3520190337640931E+02
 -0.1500983280208928E+00   0.2163681407244167E-16  -0.8594563466004617E+00  -0.3562295156456828E+02
 -0.1486040811851283E+00   0.1441552013049694E-17  -0.8631479062763101E+00  -0.3604349833612446E+02
 -0.1471247097556101E+00  -0.2252455951699456E-16  -0.8668328253061480E+00  -0.3733218957574491E+02
 -0.1456600656458870E+00  -0.6341219199341175E-18  -0.8705111297467236E+00  -0.3673667968785559E+02
 -0.1442100022437262E+00  -0.3865788133723766E-16  -0.8741828455190013E+00  -0.3594199521848748E+02
 -0.1427743743964373E+00  -0.3025644157088359-307  -0.8778479984089818E+00  -0.7071701690328706E+03
 -0.1413530383963425E+00  -0.6746652541651027E-18  -0.8815066140685142E+00  -0.3673666226356086E+02
 -0.1399458519663908E+00   0.2095225762673114E-17  -0.8851587180161065E+00  -0.3604331878847266E+02
 -0.1385526742459166E+00   0.2033486091604235E-17  -0.8888043356377271E+00  -0.3604333709007735E+02
 -0.1371733657765387E+00   0.9426097908575832E-18  -0.8924434921876028E+00  -0.3604358516683943E+02
 -0.1358077884882013E+00  -0.1041057485644248E-17  -0.8960762127890127E+00  -0.3604356987864170E+02
 -0.1344558056853520E+00   0.2275905141439067E-17  -0.8997025224350748E+00  -0.3604325298843515E+02
 -0.1331172820332595E+00  -0.2292297836796847-200  -0.9033224459895286E+00  -0.4609725363796637E+03
 -0.1317920835444657E+00  -0.2068352489929156E-17  -0.9069360081875133E+00  -0.3604332033077842E+02
 -0.1304800775653736E+00  -0.2671003540660101-307  -0.9105432336363395E+00  -0.7072889682901514E+03
 -0.1291811327629689E+00   0.3166805315201670E-16  -0.9141441468162574E+00  -0.3597060815979380E+02
 -0.1278951191116731E+00   0.7404455939520693E-16  -0.9177387720812183E+00  -0.3573256981816551E+02
 -0.1266219078803278E+00  -0.6472442649733157E-16  -0.9213271336596337E+00  -0.3608988106303618E+02
 -0.1253613716193089E+00  -0.7399752697904577E-18  -0.9249092556551262E+00  -0.3604360999671218E+02
 -0.1241133841477684E+00   0.4809981793219441E-18  -0.9284851620472787E+00  -0.3673672697948773E+02
 -0.1228778205410039E+00  -0.8354180136943409E-16  -0.9320548766923773E+00  -0.3522767218258251E+02
 -0.1216545571179531E+00  -0.1151902762544355E-15  -0.9356184233241485E+00  -0.3513745923976489E+02
 -0.1204434714288139E+00  -0.2898550068730419-307  -0.9391758255544930E+00  -0.7072025214030587E+03
 -0.1192444422427863E+00  -0.1231245904749943E-17  -0.9427271068742156E+00  -0.3604353117050525E+02
 -0.1180573495359376E+00  -0.2107733464584515E-17  -0.9462722906537475E+00  -0.3673536488317145E+02
 -0.1168820744791877E+00  -0.4996873041301706E-18  -0.9498114001438664E+00  -0.3673671949200727E+02
 -0.1157184994264142E+00  -0.1423724281333204E-17  -0.9533444584764112E+00  -0.3604348829000071E+02
 -0.1145665079026761E+00   0.1515420964870624E-17  -0.9568714886649912E+00  -0.3604346570330570E+02
 -0.1134259845925541E+00   0.1822082975416213E-17  -0.9603925136056928E+00  -0.3604338115469554E+02
 -0.1122968153286080E+00   0.9936301459624465E-18  -0.9639075560777792E+00  -0.3604357214073838E+02
 -0.1111788870799479E+00   0.3563486776166869-307  -0.9674166387443881E+00  -0.7069917574662824E+03
 -0.1100720879409201E+00   0.2069760792097159E-17  -0.9709197841532218E+00  -0.3604329855251571E+02
 -0.1089763071199051E+00   0.1014239920559226E-17  -0.9744170147372360E+00  -0.3673645858918482E+02
 -0.1078914349282272E+00   0.0000000000000000E+00  -0.9779083528153218E+00  -0.1200000000000000E+03
 -0.1068173627691746E+00   0.0000000000000000E+00  -0.9813938205929855E+00  -0.1200000000000000E+03
 -0.1057539831271287E+00  -0.4113353418514590E-18  -0.9848734401630208E+00  -0.3673674373462627E+02
 -0.1047011895568019E+00   0.2919960379842918-307  -0.9883472335061809E+00  -0.7071880261517537E+03
 -0.1036588766725820E+00   0.9272975676644102-307  -0.9918152224918417E+00  -0.7059308123344791E+03
 -0.1026269401379835E+00  -0.4606505536277894E-18  -0.9952774288786648E+00  -0.3604363538891634E+02
 -0.1016052766552029E+00  -0.4850671838729458E-18  -0.9987338743152530E+00  -0.3673672047273134E+02
 -0.1005937839547787E+00  -0.6932850487940669E-18  -0.1002184580340804E+01  -0.3604361234652418E+02
 -0.9959236078535416E-01   0.1305085497630159E-17  -0.1005629568385758E+01  -0.3604350747997866E+02
 -0.9860090690354198E-01  -0.1603793274663895E-17  -0.1009068859772444E+01  -0.3535045093508914E+02
 -0.9761932306388975E-01   0.0000000000000000E+00  -0.1012502475715715E+01  -0.1200000000000000E+03
 -0.9664751100894543E-01  -0.4080967909551168E-16  -0.1015930437323591E+01  -0.3557792196353365E+02
 -0.9568537345942169E-01  -0.4340698196618629-307  -0.1019352765597886E+01  -0.7067035402812417E+03
 -0.9473281410445816E-01  -0.5495349443742616E-16  -0.1022769481434834E+01  -0.3508695516415131E+02
 -0.9378973759198060E-01   0.3771072635610590E-18  -0.1026180605625721E+01  -0.3604364096218838E+02
 -0.9285604951915614E-01  -0.6454414941586939E-16  -0.1029586158857494E+01  -0.3526664127924791E+02
 -0.9193165642294340E-01   0.8385692240459017E-16  -0.1032986161713387E+01  -0.3521577595977842E+02
 -0.9101646577073672E-01   0.0000000000000000E+00  -0.1036380634673525E+01  -0.1200000000000000E+03
 -0.9011038595110368E-01  -0.3297892697157673E-16  -0.1039769598115535E+01  -0.3559712716654937E+02
 -0.8921332626461465E-01  -0.5247793273069598E-16  -0.1043153072315152E+01  -0.3619474797482935E+02
 -0.8832519691476358E-01   0.1394606954591418E-17  -0.1046531077446812E+01  -0.3604348011507314E+02
 -0.8744590899897954E-01   0.1003672259270354E-16  -0.1049903633584258E+01  -0.3534825998041642E+02
 -0.8657537449972724E-01   0.4666542322558348E-18  -0.1053270760701124E+01  -0.3673672245722017E+02
 -0.8571350627569654E-01  -0.5895097238972720E-16  -0.1056632478671528E+01  -0.3507968340792414E+02
 -0.8486021805307947E-01   0.1758908139283920E-17  -0.1059988807270654E+01  -0.3604337422724925E+02
 -0.8401542441693417E-01   0.2104236629162619E-16  -0.1063339766175336E+01  -0.3534058208012385E+02
 -0.8317904080263475E-01  -0.1275629093652179E-17  -0.1066685374964632E+01  -0.3604350559693920E+02
 -0.8235098348740626E-01  -0.1148469849941997E-17  -0.1070025653120400E+01  -0.3535047616048694E+02
 -0.8153116958194406E-01  -0.6356262924220993E-18  -0.1073360620027866E+01  -0.3673665285257903E+02
 -0.8071951702211649E-01   0.1868711282857013E-17  -0.1076690294976192E+01  -0.3604333323834005E+02
 -0.7991594456075007E-01   0.1870315799576151E-17  -0.1080014697159036E+01  -0.3604333167175363E+02
 -0.7912037175949665E-01  -0.8230581589475637E-16  -0.1083333845675113E+01  -0.3521450159554047E+02
 -0.7833271898078160E-01   0.1185060088913848E-15  -0.1086647759528750E+01  -0.3540313356679260E+02
 -0.7755290737983181E-01   0.3948383709932945E-18  -0.1089956457630437E+01  -0.3604363891055647E+02
 -0.7678085889678328E-01  -0.2879294583669351-307  -0.1093259958797375E+01  -0.7071902065236555E+03
 -0.7601649624886739E-01   0.3037823508747555E-17  -0.1096558281754023E+01  -0.3604279166369501E+02
 -0.7525974292267468E-01   0.2035905797059240E-17  -0.1099851445132634E+01  -0.3604326494979234E+02
 -0.7451052316649590E-01  -0.1972817970743531-306  -0.1103139467473798E+01  -0.7051102930315012E+03
 -0.7376876198273909E-01   0.1641869642444294E-17  -0.1106422367226975E+01  -0.3535044263524487E+02
 -0.7303438512042235E-01   0.7430642137194974E-18  -0.1109700162751023E+01  -0.3563816505923799E+02
 -0.7230731906774114E-01  -0.7685656821357747E-18  -0.1112972872314729E+01  -0.3673657633269255E+02
 -0.7158749104470982E-01  -0.1195014651814623E-15  -0.1116240514097332E+01  -0.3457886804271017E+02
 -0.7087482899587612E-01  -0.5829126518793958E-16  -0.1119503106189039E+01  -0.3507795848326821E+02
 -0.7016926158310859E-01   0.2699252003857905E-17  -0.1122760666591552E+01  -0.3535033172293321E+02
 -0.6947071817845521E-01   0.0000000000000000E+00  -0.1126013213218573E+01  -0.1200000000000000E+03
 -0.6877912885707388E-01   0.4586438225612193E-17  -0.1129260763896317E+01  -0.3563728783765389E+02
 -0.6809442439023253E-01   0.1631761423536498E-17  -0.1132503336364025E+01  -0.3494501249370227E+02
 -0.6741653623837952E-01   0.2324263159117136-307  -0.1135740948274460E+01  -0.7074006298201151E+03
 -0.6674539654428260E-01   0.1610732647372464E-17  -0.1138973617194412E+01  -0.3604340104008042E+02
 -0.6608093812623640E-01   0.1125565260934677E-16  -0.1142201360605196E+01  -0.3534742493721054E+02
 -0.6542309447133747E-01  -0.1023476342289419E-16  -0.1145424195903148E+01  -0.3603350380733951E+02
 -0.6477179972882634E-01  -0.1070166760358337E-17  -0.1148642140400111E+01  -0.3604354095974671E+02
 -0.6412698870349565E-01   0.1563508214904748E-15  -0.1151855211323929E+01  -0.3473078598871010E+02
 -0.6348859684916425E-01   0.2953564173193163-307  -0.1155063425818928E+01  -0.7070575702360352E+03
 -0.6285656026221580E-01  -0.8956370724995128E-16  -0.1158266800946402E+01  -0.3486372246652350E+02
 -0.6223081567520225E-01   0.0000000000000000E+00  -0.1161465353685088E+01  -0.1200000000000000E+03
 -0.6161130045051052E-01   0.3176518463557330E-17  -0.1164659100931645E+01  -0.3535025484128628E+02
 -0.6099795257409248E-01  -0.4126940828230166E-18  -0.1167848059501123E+01  -0.3673673246702084E+02
 -0.6039071064925729E-01  -0.5303808806745051E-18  -0.1171032246127440E+01  -0.3604362518321153E+02
 -0.5978951389052551E-01   0.2391229040681249-307  -0.1174211677463840E+01  -0.7073692764190021E+03
 -0.5919430211754440E-01   0.7328881366030426E-23  -0.1177386370083363E+01  -0.3494504110044905E+02
 -0.5860501574906389E-01   0.1384504378074355E-17  -0.1180556340479303E+01  -0.3563810209673426E+02
 -0.5802159579697236E-01   0.9306809452576381E-18  -0.1183721605065669E+01  -0.3604356550469984E+02
 -0.5744398386039192E-01  -0.3432531752924238E-17  -0.1186882180177636E+01  -0.3535020651742025E+02
 -0.5687212211983243E-01  -0.5190148910012875E-18  -0.1190038082072000E+01  -0.3673669059549134E+02
 -0.5630595333140366E-01   0.3011406511791584E-16  -0.1193189326927627E+01  -0.3493483042255524E+02
 -0.5574542082108521E-01   0.1744791264371941E-17  -0.1196335930845897E+01  -0.3535042806877416E+02
 -0.5519046847905332E-01   0.2401209555795824E-17  -0.1199477909851151E+01  -0.3535035778898344E+02
 -0.5464104075406423E-01   0.1078074775484156E-16  -0.1202615279891131E+01  -0.3790833621920015E+02
 -0.5409708264789349E-01  -0.8255010414708906E-16  -0.1205748056837414E+01  -0.3578970989457068E+02
 -0.5355853970983056E-01  -0.1872941585228074E-16  -0.1208876256485854E+01  -0.3562224806648543E+02
 -0.5302535803122825E-01  -0.3609620517353749E-18  -0.1211999894557009E+01  -0.3604363981371174E+02
 -0.5249748424010638E-01  -0.7848647364426916E-17  -0.1215118986696571E+01  -0.3512633378352704E+02
 -0.5197486549580927E-01   0.1096983979488741E-17  -0.1218233548475796E+01  -0.3535047468120374E+02
 -0.5145744948371626E-01  -0.3301608501022944E-16  -0.1221343595391927E+01  -0.3678036485824776E+02
 -0.5094518441000504E-01  -0.1027460789822935E-17  -0.1224449142868612E+01  -0.3604354212429146E+02
 -0.5043801899646698E-01  -0.3702688542347282E-16  -0.1227550206256329E+01  -0.3591638509889985E+02
 -0.4993590247537415E-01   0.7054145323513323E-16  -0.1230646800832796E+01  -0.3601682864100358E+02
 -0.4943878458439747E-01   0.1276528654128814E-16  -0.1233738941803392E+01  -0.3534619343592846E+02
 -0.4894661556157533E-01   0.1777080618770389E-17  -0.1236826644301558E+01  -0.3604331676573187E+02
 -0.4845934614033245E-01   0.5082776700081598E-18  -0.1239909923389213E+01  -0.3604362576360813E+02
 -0.4797692754454817E-01  -0.1444642784227680E-17  -0.1242988794057160E+01  -0.3535045025876929E+02
 -0.4749931148367396E-01   0.5105753098820827E-17  -0.1246063271225483E+01  -0.3672570996964802E+02
 -0.4702645014789950E-01   0.1769304509038056E-16  -0.1249133369743953E+01  -0.3534213587916455E+02
 -0.4655829620336686E-01   0.2633819592483505-307  -0.1252199104392423E+01  -0.7071110090865327E+03
 -0.4609480278743230E-01   0.7659502632950055E-18  -0.1255260489881226E+01  -0.3604358975686315E+02
 -0.4563592350397539E-01  -0.8326587045021040E-16  -0.1258317540851567E+01  -0.3519052234046499E+02
 -0.4518161241875454E-01  -0.6345940416216657-306  -0.1261370271875914E+01  -0.7038595894629024E+03
 -0.4473182405480911E-01  -0.9506180997039194E-16  -0.1264418697458383E+01  -0.3498993699320639E+02
 -0.4428651338790703E-01  -0.4257635165009059E-17  -0.1267462832035128E+01  -0.3512704458476915E+02
 -0.4384563584203782E-01  -0.1144578771128444E-17  -0.1270502689974724E+01  -0.3563812423260228E+02
 -0.4340914728495059E-01  -0.1068222026868562E-16  -0.1273538285578545E+01  -0.3465657287610806E+02
 -0.4297700402373621E-01   0.0000000000000000E+00  -0.1276569633081141E+01  -0.1200000000000000E+03
 -0.4254916280045378E-01   0.1649979599777835E-17  -0.1279596746650620E+01  -0.3604335146422942E+02
 -0.4212558078780033E-01  -0.1384184311826206E-17  -0.1282619640389018E+01  -0.3535045292562681E+02
 -0.4170621558482385E-01   0.7554781246317379E-16  -0.1285638328332670E+01  -0.3592280759675509E+02
 -0.4129102521267888E-01  -0.3464702907922093E-17  -0.1288652824452579E+01  -0.3535017060728008E+02
 -0.4087996811042435E-01   0.2623953204832967-307  -0.1291663142654783E+01  -0.7071062575290405E+03
 -0.4047300313086340E-01  -0.7997824317344061E-16  -0.1294669296780722E+01  -0.3487087662481285E+02
 -0.4007008953642442E-01   0.1591529261330034E-15  -0.1297671300607594E+01  -0.3459946123858376E+02
 -0.3967118699508321E-01  -0.8791583558307701E-18  -0.1300669167848721E+01  -0.3535048435298842E+02
 -0.3927625557632568E-01   0.6114313791906906E-16  -0.1303662912153903E+01  -0.3475742203528385E+02
 -0.3888525574715081E-01   0.3052772000408337-307  -0.1306652547109774E+01  -0.7069519035061975E+03
 -0.3849814836811336E-01  -0.1402205840485269E-17  -0.1309638086240154E+01  -0.3535045015380965E+02
 -0.3811489468940592E-01   0.6202218151255684E-16  -0.1312619543006402E+01  -0.3598263247678933E+02
 -0.3773545634698004E-01   0.1493800444156366E-17  -0.1315596930807764E+01  -0.3563807457094462E+02
 -0.3735979535870604E-01  -0.2906344895659941E-16  -0.1318570262981719E+01  -0.3686296756337421E+02
 -0.3698787412057083E-01  -0.3885074665906952E-17  -0.1321539552804320E+01  -0.3479074838085032E+02
 -0.3661965540291379E-01  -0.3937246505030990E-18  -0.1324504813490543E+01  -0.3604363546801468E+02
 -0.3625510234670004E-01   0.7735658578084051E-16  -0.1327466058194621E+01  -0.3487335874055091E+02
 -0.3589417845983080E-01  -0.9343879646142837E-16  -0.1330423300010385E+01  -0.3548942949697599E+02
 -0.3553684761349051E-01  -0.1410897792363911E-17  -0.1333376551971599E+01  -0.3604342143661990E+02
 -0.3518307403853028E-01  -0.3705569536220242E-17  -0.1336325827052292E+01  -0.3535010519986757E+02
 -0.3483282232188742E-01   0.3298568888372531E-17  -0.1339271138167090E+01  -0.3535018757035689E+02
 -0.3448605740304047E-01   0.1785781626097827E-15  -0.1342212498171550E+01  -0.3464216394759070E+02
 -0.3414274457049971E-01  -0.3864677760693055E-17  -0.1345149919862480E+01  -0.3479074680530485E+02
 -0.3380284945833242E-01  -0.7825150075601862E-16  -0.1348083415978269E+01  -0.3585904541404147E+02
 -0.3346633804272288E-01   0.4584274943837396E-18  -0.1351012999199211E+01  -0.3604362849929103E+02
 -0.3313317663856651E-01   0.2410773650400721E-16  -0.1353938682147822E+01  -0.3493743068390035E+02
 -0.3280333189609801E-01  -0.3084205271744647E-18  -0.1356860477389163E+01  -0.3673675526655231E+02
 -0.3247677079755297E-01  -0.7352215633511384E-18  -0.1359778397431157E+01  -0.3673654249977202E+02
 -0.3215346065386278E-01  -0.2735589917074144E-15  -0.1362692454724902E+01  -0.3460081387340749E+02
 -0.3183336910138243E-01   0.4239175458440576E-18  -0.1365602661664987E+01  -0.3604363182144581E+02
 -0.3151646409865087E-01   0.7443335791135280E-16  -0.1368509030589802E+01  -0.3561999031334828E+02
 -0.3120271392318363E-01  -0.5516737108178516E-18  -0.1371411573781848E+01  -0.3673665371126491E+02
 -0.3089208716829738E-01   0.1132459550469870E-16  -0.1374310303468044E+01  -0.3602837518967196E+02
 -0.3058455273996608E-01  -0.3702505282001328-307  -0.1377205231820033E+01  -0.7066852108255179E+03
 -0.3028007985370845E-01   0.2527988995600598E-18  -0.1380096370954485E+01  -0.3604364561768243E+02
 -0.2997863803150639E-01   0.1857325558730876E-17  -0.1382983732933402E+01  -0.3604323297030184E+02
 -0.2968019709875414E-01   0.0000000000000000E+00  -0.1385867329764412E+01  -0.1200000000000000E+03
 -0.2938472718123776E-01   0.2760287078474780E-16  -0.1388747173401075E+01  -0.3595803887970711E+02
 -0.2909219870214467E-01  -0.2767997448150043E-16  -0.1391623275743170E+01  -0.3559800371106082E+02
 -0.2880258237910301E-01   0.9456701420575253E-16  -0.1394495648636998E+01  -0.3483553992142722E+02
 -0.2851584922125044E-01   0.3986893425221391E-18  -0.1397364303875671E+01  -0.3673672204172398E+02
 -0.2823197052633213E-01   0.2771944787889736E-17  -0.1400229253199401E+01  -0.3535026838395218E+02
 -0.2795091787782764E-01   0.6507351838745951E-17  -0.1403090508295792E+01  -0.3512652216427067E+02
 -0.2767266314210637E-01  -0.9654249812061440E-17  -0.1405948080800125E+01  -0.3494375367079082E+02
 -0.2739717846561142E-01  -0.2800935624920984E-16  -0.1408801982295646E+01  -0.3511193805709309E+02
 -0.2712443627207135E-01  -0.9491543550848205E-18  -0.1411652224313847E+01  -0.3604354068444925E+02
 -0.2685440925973982E-01  -0.1784240597912591E-15  -0.1414498818334749E+01  -0.3471574311414197E+02
 -0.2658707039866267E-01   0.8547422542884375E-18  -0.1417341775787184E+01  -0.3604356152026241E+02
 -0.2632239292797212E-01   0.0000000000000000E+00  -0.1420181108049069E+01  -0.1200000000000000E+03
 -0.2606035035320808E-01   0.1190652368523107E-15  -0.1423016826447688E+01  -0.3490073794229993E+02
 -0.2580091644366597E-01   0.1401290539589125E-17  -0.1425848942259964E+01  -0.3604340461693490E+02
 -0.2554406522977100E-01  -0.2790437537786002E-18  -0.1428677466712731E+01  -0.3604364349687091E+02
 -0.2528977100047862E-01  -0.5105738803240043E-18  -0.1431502410983009E+01  -0.3673666777728340E+02
 -0.2503800830070082E-01   0.3556718070209124E-18  -0.1434323786198273E+01  -0.3604363723651030E+02
 -0.2478875192875803E-01   0.1579614896795770E-17  -0.1437141603436720E+01  -0.3604333408129679E+02
 -0.2454197693385641E-01  -0.1278170688079798E-17  -0.1439955873727537E+01  -0.3535045379619041E+02
 -0.2429765861359027E-01   0.3086552053847788E-17  -0.1442766608051164E+01  -0.3535019988245266E+02
 -0.2405577251146933E-01  -0.4024798557125862E-16  -0.1445573817339562E+01  -0.3586907689454716E+02
 -0.2381629441447061E-01  -0.3544399508194432E-16  -0.1448377512476468E+01  -0.3531146134752390E+02
 -0.2357920035061465E-01  -0.1943980693424052E-15  -0.1451177704297661E+01  -0.3434226760702381E+02
 -0.2334446658656594E-01  -0.1006254520107319E-15  -0.1453974403591220E+01  -0.3481679070269537E+02
 -0.2311206962525714E-01  -0.5882009806543064E-18  -0.1456767621097776E+01  -0.3673662031434318E+02
 -0.2288198620353707E-01   0.3080051947039101E-16  -0.1459557367510774E+01  -0.3510792249200146E+02
 -0.2265419328984197E-01  -0.1021203592598804E-17  -0.1462343653476721E+01  -0.3604351687534331E+02
 -0.2242866808189007E-01  -0.9879116834123673E-18  -0.1465126489595445E+01  -0.3604352531338657E+02
 -0.2220538800439906E-01   0.1012344656550413E-15  -0.1467905886420338E+01  -0.3481399641930602E+02
 -0.2198433070682624E-01  -0.6078998053228373E-18  -0.1470681854458610E+01  -0.3604360465047262E+02
 -0.2176547406113128E-01   0.5109894755662746E-17  -0.1473454404171538E+01  -0.3465714329821535E+02
 -0.2154879615956111E-01   0.1238576003645889E-17  -0.1476223545974708E+01  -0.3604345009527616E+02
 -0.2133427531245696E-01  -0.2154336877025830E-16  -0.1478989290238263E+01  -0.3598550198191976E+02
 -0.2112189004608324E-01  -0.1562860481367977E-15  -0.1481751647287143E+01  -0.3431855193421125E+02
 -0.2091161910047795E-01  -0.1731325367125045E-17  -0.1484510627401332E+01  -0.3604325331434602E+02
 -0.2070344142732457E-01  -0.7152056330092944E-18  -0.1487266240816090E+01  -0.3673652677810585E+02
 -0.2049733618784510E-01  -0.4068072223669297E-23  -0.1490018497722202E+01  -0.3604365338911715E+02
 -0.2029328275071403E-01  -0.1037453215845112E-17  -0.1492767408266207E+01  -0.3563812394454654E+02
 -0.2009126068999323E-01   0.1252015856809276E-18  -0.1495512982550637E+01  -0.3673679211571226E+02
 -0.1989124978308716E-01  -0.2226489662614577E-17  -0.1498255230634252E+01  -0.3604298383301646E+02
 -0.1969323000871871E-01   0.3762846142365198E-17  -0.1500994162532273E+01  -0.3494482800000673E+02
 -0.1949718154492493E-01  -0.5886290665571543E-16  -0.1503729788216613E+01  -0.3505722946103306E+02
 -0.1930308476707292E-01   0.4948956714933938E-18  -0.1506462117616105E+01  -0.3604362004695256E+02
 -0.1911092024589532E-01   0.3293232667966794E-17  -0.1509191160616735E+01  -0.3535013633816345E+02
 -0.1892066874554548E-01  -0.9418522723314944E-16  -0.1511916927061868E+01  -0.3511340218982885E+02
 -0.1873231122167190E-01  -0.5520678825004224E-17  -0.1514639426752473E+01  -0.3465709789596408E+02
 -0.1854582881951188E-01   0.3155453865644099E-17  -0.1517358669447346E+01  -0.3512714373194056E+02
 -0.1836120287200414E-01   0.1361143363566211E-17  -0.1520074664863339E+01  -0.3604339818878390E+02
 -0.1817841489792022E-01  -0.4358205310130928E-18  -0.1522787422675576E+01  -0.3604362715760024E+02
 -0.1799744660001453E-01   0.5654659091107753E-16  -0.1525496952517677E+01  -0.3525053698593042E+02
 -0.1781827986319272E-01  -0.6374817886545977E-17  -0.1528203263981978E+01  -0.3494441491185951E+02
 -0.1764089675269841E-01  -0.2364563533743005-307  -0.1530906366619743E+01  -0.7071440583532948E+03
 -0.1746527951231783E-01  -0.5278664312946751E-18  -0.1533606269941389E+01  -0.3604361454076665E+02
 -0.1729141056260248E-01  -0.4874801817628730E-18  -0.1536302983416697E+01  -0.3604362017927789E+02
 -0.1711927249910934E-01  -0.8807416105077088E-18  -0.1538996516475024E+01  -0.3604354473625058E+02
 -0.1694884809065874E-01  -0.2337099681908980E-17  -0.1541686878505520E+01  -0.3494495589084153E+02
 -0.1678012027760945E-01   0.1411112016456003E-15  -0.1544374078857337E+01  -0.3450718759464915E+02
 -0.1661307217015102E-01   0.3089734508299195E-18  -0.1547058126839840E+01  -0.3604363992154919E+02
 -0.1644768704661307E-01   0.1340834218285805E-15  -0.1549739031722816E+01  -0.3472111533568203E+02
 -0.1628394835179146E-01  -0.6499780967221577E-18  -0.1552416802736681E+01  -0.3535049123877342E+02
 -0.1612183969529111E-01   0.3084146661618604E-17  -0.1555091449072687E+01  -0.3535016848512225E+02
 -0.1596134484988525E-01  -0.3274879517330991-307  -0.1557762979883126E+01  -0.7067201026392042E+03
 -0.1580244774989112E-01  -0.1567454600858225E-17  -0.1560431404281537E+01  -0.3535041854666490E+02
 -0.1564513248956176E-01   0.4632782786233337E-16  -0.1563096731342904E+01  -0.3491203788329081E+02
 -0.1548938332149381E-01   0.4079515745578349-307  -0.1565758970103865E+01  -0.7064980476304302E+03
 -0.1533518465505121E-01   0.9371818769922792E-16  -0.1568418129562901E+01  -0.3495771533425356E+02
 -0.1518252105480454E-01  -0.1825051701383890E-16  -0.1571074218680547E+01  -0.3533865201770647E+02
 -0.1503137723898595E-01   0.1962416623361849E-18  -0.1573727246379582E+01  -0.3604364782852819E+02
 -0.1488173807795938E-01  -0.2701492428265835E-17  -0.1576377221545228E+01  -0.3535024222751903E+02
 -0.1473358859270614E-01  -0.3674170236108127-307  -0.1579024153025348E+01  -0.7065988654707477E+03
 -0.1458691395332546E-01   0.5428078472188378E-18  -0.1581668049630637E+01  -0.3563816924244266E+02
 -0.1444169947755001E-01   0.4970081535794455E-18  -0.1584308920134816E+01  -0.3673665660659336E+02
 -0.1429793062927618E-01  -0.2628322375318419E-17  -0.1586946773274824E+01  -0.3535025403095273E+02
 -0.1415559301710903E-01   0.1147890922937694E-17  -0.1589581617751011E+01  -0.3604346053600961E+02
 -0.1401467239292166E-01  -0.1218869385235443E-17  -0.1592213462227326E+01  -0.3494501688128598E+02
 -0.1387515465042899E-01   0.9567156575668825E-16  -0.1594842315331505E+01  -0.3539056463840051E+02
 -0.1373702582377569E-01   0.6250195273012480E-16  -0.1597468185655261E+01  -0.3566055644226480E+02
 -0.1360027208613822E-01   0.1027350652475144E-17  -0.1600091081754466E+01  -0.3604349749733697E+02
 -0.1346487974834070E-01   0.7805044261651907E-18  -0.1602711012149342E+01  -0.3604356320150134E+02
 -0.1333083525748463E-01  -0.1905789487355328E-18  -0.1605327985324641E+01  -0.3673677901130661E+02
 -0.1319812519559226E-01   0.6156804727711257E-16  -0.1607942009729830E+01  -0.3504443279550371E+02
 -0.1306673627826340E-01   0.2256867609884455E-15  -0.1610553093779272E+01  -0.3401832707307769E+02
 -0.1293665535334565E-01  -0.3246982061765103E-17  -0.1613161245852408E+01  -0.3512711070631069E+02
 -0.1280786939961789E-01   0.3771956032789913E-17  -0.1615766474293936E+01  -0.3534997390294357E+02
 -0.1268036552548680E-01  -0.3460995378640747-307  -0.1618368787413990E+01  -0.7066343619489720E+03
 -0.1255413096769640E-01  -0.2628907739550912E-17  -0.1620968193488318E+01  -0.3535024640891787E+02
 -0.1242915309005047E-01  -0.4144088679119185E-18  -0.1623564700758458E+01  -0.3673669703111637E+02
 -0.1230541938214764E-01  -0.5241884853741013E-16  -0.1626158317431916E+01  -0.3525620590683994E+02
 -0.1218291745812907E-01   0.8324251866572556E-16  -0.1628749051682336E+01  -0.3547821603736386E+02
 -0.1206163505543865E-01  -0.4903384887903296E-18  -0.1631336911649679E+01  -0.3673665465040381E+02
 -0.1194156003359545E-01  -0.1703768694119345E-17  -0.1633921905440392E+01  -0.3604321210795196E+02
 -0.1182268037297853E-01   0.3199822624470483E-16  -0.1636504041127580E+01  -0.3633166948208165E+02
 -0.1170498417362367E-01  -0.4420976045107954-307  -0.1639083326751178E+01  -0.7063708084266962E+03
 -0.1158845965403224E-01  -0.8230736902945455E-18  -0.1641659770318117E+01  -0.3604354968560557E+02
 -0.1147309514999185E-01  -0.9240979248097829E-18  -0.1644233379802499E+01  -0.3673627674652923E+02
 -0.1135887911340873E-01   0.2295734643414661E-16  -0.1646804163145757E+01  -0.3511456113506874E+02
 -0.1124580011115176E-01  -0.1392131547671468E-17  -0.1649372128256827E+01  -0.3604335481474558E+02
 -0.1113384682390802E-01   0.0000000000000000E+00  -0.1651937283012312E+01  -0.1200000000000000E+03
 -0.1102300804504970E-01  -0.1482575702703790E-16  -0.1654499635256645E+01  -0.3562329171076101E+02
 -0.1091327267951232E-01   0.0000000000000000E+00  -0.1657059192802253E+01  -0.1200000000000000E+03
 -0.1080462974268409E-01   0.3547308238766260E-16  -0.1659615963429723E+01  -0.3492376482803856E+02
 -0.1069706835930635E-01  -0.4574241172968747E-18  -0.1662169954887960E+01  -0.3563817379308054E+02
 -0.1059057776238494E-01  -0.1399522272997093E-17  -0.1664721174894349E+01  -0.3604334766753864E+02
 -0.1048514729211243E-01  -0.2281722774958281E-17  -0.1667269631134914E+01  -0.3494495059309922E+02
 -0.1038076639480101E-01  -0.2189962285800901E-18  -0.1669815331264479E+01  -0.3604364586857770E+02
 -0.1027742462182615E-01   0.1381518879759079E-17  -0.1672358282906823E+01  -0.3512731466961607E+02
 -0.1017511162858059E-01   0.1136829760356699E-15  -0.1674898493654841E+01  -0.3499953086054096E+02
 -0.1007381717343888E-01  -0.1134816609280422E-17  -0.1677435971070696E+01  -0.3535045539775552E+02
 -0.9973531116732203E-02   0.0000000000000000E+00  -0.1679970722685976E+01  -0.1200000000000000E+03
 -0.9874243419733334E-02  -0.3939149486295406-307  -0.1682502756001848E+01  -0.7064718504688425E+03
 -0.9775944143651785E-02  -0.2188021746358620E-17  -0.1685032078489213E+01  -0.3563785040733440E+02
 -0.9678623448638920E-02  -0.3113429236474052E-17  -0.1687558697588856E+01  -0.3535012058908483E+02
 -0.9582271592802978E-02  -0.2974133707269182E-16  -0.1690082620711598E+01  -0.3635900369143443E+02
 -0.9486878931233896E-02  -0.2284294188182331E-17  -0.1692603855238449E+01  -0.3535029770500343E+02
 -0.9392435915037845E-02   0.1356334387201849E-17  -0.1695122408520756E+01  -0.3563805730929326E+02
 -0.9298933090381382E-02   0.2759207488046558-307  -0.1697638287880352E+01  -0.7068719021626437E+03
 -0.9206361097545098E-02   0.2959999185646353E-17  -0.1700151500609702E+01  -0.3479077536105324E+02
 -0.9114710669986722E-02   0.2649385685012704E-17  -0.1702662053972056E+01  -0.3535022336129870E+02
 -0.9023972633413518E-02  -0.2044597259873924E-17  -0.1705169955201591E+01  -0.3563788818209442E+02
 -0.8934137904863934E-02   0.8663616095903321E-18  -0.1707675211503557E+01  -0.3604353187601026E+02
 -0.8845197491798382E-02  -0.3758085952437236E-18  -0.1710177830054422E+01  -0.3673670891695856E+02
 -0.8757142491199094E-02   0.8766317495088859E-18  -0.1712677818002017E+01  -0.3563813275042577E+02
 -0.8669964088678903E-02   0.3962580454566179E-17  -0.1715175182465677E+01  -0.3512695347747747E+02
 -0.8583653557598920E-02   0.8470196182135737E-18  -0.1717669930536384E+01  -0.3535047692393427E+02
 -0.8498202258195003E-02  -0.2907040070384767E-18  -0.1720162069276911E+01  -0.3673674526375700E+02
 -0.8413601636712882E-02  -0.9188505158097518E-19  -0.1722651605721958E+01  -0.3465735894147856E+02
 -0.8329843224551943E-02  -0.1984447425058440E-15  -0.1725138546878294E+01  -0.3436103050431002E+02
 -0.8246918637417512E-02   0.2384534707068759E-16  -0.1727622899724897E+01  -0.3532763310886038E+02
 -0.8164819574481562E-02  -0.1959286801076628E-17  -0.1730104671213090E+01  -0.3535034789476391E+02
 -0.8083537817551804E-02   0.4994713833503435E-18  -0.1732583868266680E+01  -0.3604361214561530E+02
 -0.8003065230249046E-02   0.0000000000000000E+00  -0.1735060497782094E+01  -0.1200000000000000E+03
 -0.7923393757192719E-02  -0.1280619642317984E-15  -0.1737534566628515E+01  -0.3451090128452540E+02
 -0.7844515423194530E-02  -0.5030385190953108E-16  -0.1740006081648015E+01  -0.3612968018528305E+02
 -0.7766422332460152E-02  -0.3124923546894507-307  -0.1742475049655693E+01  -0.7067012253449823E+03
 -0.7689106667798823E-02  -0.1278460207647131E-17  -0.1744941477439804E+01  -0.3535043795604733E+02
 -0.7612560689840861E-02  -0.6715341067429554E-16  -0.1747405371761895E+01  -0.3486750386307035E+02
 -0.7536776736262934E-02   0.5403191959777034E-18  -0.1749866739356937E+01  -0.3604360442299059E+02
 -0.7461747221021053E-02   0.2436519433791339E-17  -0.1752325586933453E+01  -0.3512720303417453E+02
 -0.7387464633591209E-02   0.1848671178057901E-17  -0.1754781921173653E+01  -0.3604307813161521E+02
 -0.7313921538217561E-02  -0.3755926074441104E-17  -0.1757235748733557E+01  -0.3494477664310477E+02
 -0.7241110573168103E-02   0.2023190181343497E-15  -0.1759687076243132E+01  -0.3427909014202548E+02
 -0.7169024449997755E-02  -0.2967171934823502E-17  -0.1762135910306414E+01  -0.3535013337897903E+02
 -0.7097655952818784E-02   0.0000000000000000E+00  -0.1764582257501639E+01  -0.1200000000000000E+03
 -0.7026997937578480E-02   0.2689820290811980E-18  -0.1767026124381365E+01  -0.3604364107933885E+02
 -0.6957043331344034E-02   0.1699819587931326E-15  -0.1769467517472604E+01  -0.3449581972057858E+02
 -0.6887785131594532E-02  -0.1547472785411295E-17  -0.1771906443276945E+01  -0.3535040394823085E+02
 -0.6819216405519993E-02  -0.5500259109699240E-18  -0.1774342908270676E+01  -0.3563816526577267E+02
 -0.6751330289327391E-02   0.1256163304924071E-17  -0.1776776918904912E+01  -0.3604338281201186E+02
 -0.6684119987553581E-02   0.1483858765802475E-17  -0.1779208481605713E+01  -0.3535041161235368E+02
 -0.6617578772385068E-02  -0.5809923604041095E-18  -0.1781637602774212E+01  -0.3604359526222106E+02
 -0.6551699982984548E-02  -0.3381734074561471E-17  -0.1784064288786733E+01  -0.3512704701594755E+02
 -0.6486477024824145E-02  -0.5787476498119387-307  -0.1786488545994914E+01  -0.7060306870813615E+03
 -0.6421903369025304E-02   0.1089882898528997E-17  -0.1788910380725827E+01  -0.3563809682626763E+02
 -0.6357972551705235E-02   0.1220510006704001E-17  -0.1791329799282094E+01  -0.3535044156433638E+02
 -0.6294678173329878E-02  -0.2296461399398355E-16  -0.1793746807942014E+01  -0.3646162790818203E+02
 -0.6232013898073295E-02  -0.2470513345748261E-16  -0.1796161412959673E+01  -0.3681747404556263E+02
 -0.6169973453183463E-02   0.7423782298848279E-24  -0.1798573620565065E+01  -0.3494504110044905E+02
 -0.6108550628354348E-02  -0.4667605563374474-307  -0.1800983436964212E+01  -0.7062404416182929E+03
 -0.6047739275104262E-02   0.1485564669752486E-15  -0.1803390868339276E+01  -0.3463479651869297E+02
 -0.5987533306160389E-02  -0.3982408576186673E-17  -0.1805795920848675E+01  -0.3494473163045438E+02
 -0.5927926694849438E-02   0.3233505470191707-307  -0.1808198600627201E+01  -0.7066407998838887E+03
 -0.5868913474494380E-02  -0.1876759680234534E-17  -0.1810598913786130E+01  -0.3494497208272548E+02
 -0.5810487737817166E-02   0.1950006462024419E-17  -0.1812996866413342E+01  -0.3535033824739043E+02
 -0.5752643636347407E-02   0.4840010798298060E-16  -0.1815392464573427E+01  -0.3613708658680627E+02
 -0.5695375379836940E-02  -0.2920673457040316E-16  -0.1817785714307801E+01  -0.3634015039320305E+02
 -0.5638677235680213E-02  -0.4929203621433578E-16  -0.1820176621634819E+01  -0.3451869025740443E+02
 -0.5582543528340450E-02   0.1224305129700539E-17  -0.1822565192549884E+01  -0.3604338649723604E+02
 -0.5526968638781527E-02  -0.1357799375055907E-15  -0.1824951433025557E+01  -0.3503090234271885E+02
 -0.5471947003905491E-02   0.4303932774167137E-18  -0.1827335349011671E+01  -0.3604362026978563E+02
 -0.5417473115995703E-02   0.4010119067057603E-17  -0.1829716946435434E+01  -0.3534978650863787E+02
 -0.5363541522165496E-02  -0.1390144433798523E-17  -0.1832096231201543E+01  -0.3604330663474336E+02
 -0.5310146823812349E-02  -0.5696699531048979E-18  -0.1834473209192290E+01  -0.3563816234235672E+02
 -0.5257283676077472E-02   0.4381462785102606E-18  -0.1836847886267670E+01  -0.3604361879849804E+02
 -0.5204946787310786E-02   0.1325204501212934E-17  -0.1839220268265486E+01  -0.3535042695008175E+02
 -0.5153130918541221E-02   0.2721986776916676E-15  -0.1841590361001458E+01  -0.3397363681529120E+02
 -0.5101830882952293E-02  -0.3582139557324609E-16  -0.1843958170269327E+01  -0.3491984672555142E+02
 -0.5051041545362896E-02   0.7199685102396152E-16  -0.1846323701840962E+01  -0.3515766021705716E+02
 -0.5000757821713270E-02  -0.9518900535500805E-18  -0.1848686961466460E+01  -0.3604348856526381E+02
 -0.4950974678556076E-02   0.2724529793685097E-18  -0.1851047954874256E+01  -0.3673674644811172E+02
 -0.4901687132552547E-02   0.1835086480940433E-17  -0.1853406687771222E+01  -0.3535035247508929E+02
