 $IN
 LR      =  0.000000000000000E+000,
 LI      =  5.515689316165199E-003,
 NU      =  5.000000000000000E-002,
 FAL     =   1.01000000000000     ,
 DLR     =  1.000000000000000E-008,
 DLI     =  1.000000000000000E-008,
 ALPHA   =  -1.01000000000000     ,
 NMAX    =          50,
 NMIN    =           3,
 AMAX    =  1.000000000000000E+040,
 EPS     =  9.999999999999999E-021,
 FTOL    =  1.000000000000000E-005,
 ITMAX   =       10000,
 IALMAX  =       10000,
 IW      =           1
 $END
 wr =   0.000000000000000E+000
 wi =   5.515689316165199E-003
 alpha                    wr                       wi                       nmax          nmin          funk           
 -0.1009898496708676E+01   0.2334613887973119-307   0.5459900540914454E-02           200             3  -0.70304400E+03
 -0.1010000000000000E+01  -0.1511050626349737E-19   0.5515689316165199E-02           200             3  -0.36601021E+02
 -0.1010100503341742E+01   0.5688832971031484E-20   0.5570924531238855E-02           200             3  -0.36601274E+02
 -0.1020201508375159E+01   0.1181297594644153E-19   0.1110230375406636E-01           200             3  -0.36599046E+02
 -0.1030403523458911E+01   0.1605522681040511E-19   0.1664929357199298E-01           200             3  -0.36596826E+02
 -0.1040707558693500E+01  -0.2582773440383122-307   0.2221197007897087E-01           200             3  -0.70433134E+03
 -0.1051114634280435E+01  -0.3464329318348327-307   0.2779040980828658E-01           200             3  -0.70425681E+03
 -0.1061625780623239E+01  -0.1797375389727706E-18   0.3338468973517450E-01           200             3  -0.35896655E+02
 -0.1072242038429471E+01  -0.3478799593606065-307   0.3899488727944452E-01           200             3  -0.70458147E+03
 -0.1082964458813766E+01  -0.4800139433219060E-17   0.4462108030812320E-01           200             3  -0.35763510E+02
 -0.1093794103401904E+01   0.2005829194650379E-17   0.5026334713810884E-01           200             3  -0.36506548E+02
 -0.1104732044435923E+01   0.0000000000000000E+00   0.5592176653884100E-01           200             3  -0.12000000E+03
 -0.1115779364880282E+01   0.0000000000000000E+00   0.6159641773498349E-01           200             3  -0.12000000E+03
 -0.1126937158529085E+01   0.3539463287434957E-18   0.6728738040912163E-01           200             3  -0.35883042E+02
 -0.1138206530114376E+01   0.1867367986570995E-18   0.7299473470447385E-01           200             3  -0.35881055E+02
 -0.1149588595415520E+01   0.1085542585709238E-18   0.7871856122761664E-01           200             3  -0.36571898E+02
 -0.1161084481369675E+01   0.6527845387188094E-17   0.8445894105122441E-01           200             3  -0.36730838E+02
 -0.1172695326183372E+01  -0.6360394165530767E-19   0.9021595571682353E-01           200             3  -0.36567390E+02
 -0.1184422279445206E+01   0.9016031585923545E-19   0.9598968723756016E-01           200             3  -0.36565062E+02
 -0.1196266502239657E+01  -0.9991671843000179E-19   0.1017802181009825E+00           200             3  -0.36562747E+02
 -0.1208229167262054E+01  -0.5659157770575223E-18   0.1075876312718377E+00           200             3  -0.35461678E+02
 -0.1220311458934675E+01   0.2354987008116575E-18   0.1134120101948831E+00           200             3  -0.36557880E+02
 -0.1232514573524021E+01   0.2322410126123430E-18   0.1192534387977111E+00           200             3  -0.36555585E+02
 -0.1244839719259262E+01  -0.2860678304446472E-17   0.1251120014935893E+00           200             3  -0.35851008E+02
 -0.1257288116451854E+01   0.1022953977488035E-18   0.1309877831843154E+00           200             3  -0.36551141E+02
 -0.1269860997616373E+01  -0.1700456232782381E-18   0.1368808692630853E+00           200             3  -0.36548727E+02
 -0.1282559607592537E+01   0.2451885771938769E-18   0.1427913456173773E+00           200             3  -0.35447860E+02
 -0.1295385203668462E+01   0.1073286303644854E-16   0.1487192986318497E+00           200             3  -0.36240984E+02
 -0.1308339055705146E+01   0.2652126821958076E-16   0.1546648151912534E+00           200             3  -0.35660523E+02
 -0.1321422446262198E+01  -0.1627837026043212E-18   0.1606279826833601E+00           200             3  -0.36539338E+02
 -0.1334636670724820E+01   0.2320749884625234-307   0.1666088890019030E+00           200             3  -0.70632650E+03
 -0.1347983037432068E+01   0.9289539299668091E-18   0.1726076225495352E+00           200             3  -0.35435783E+02
 -0.1361462867806389E+01   0.1347240054102997E-16   0.1786242722408000E+00           200             3  -0.35724248E+02
 -0.1375077496484453E+01   0.2824569968374433-307   0.1846589275051183E+00           200             3  -0.70621719E+03
 -0.1388828271449297E+01  -0.4847833963373911E-19   0.1907116782897890E+00           200             3  -0.36527517E+02
 -0.1402716554163790E+01   0.9976752350032325E-19   0.1967826150630062E+00           200             3  -0.36525101E+02
 -0.1416743719705428E+01   0.2915230191954597-307   0.2028718288168894E+00           200             3  -0.70626386E+03
 -0.1430911156902482E+01  -0.6707318572141770E-18   0.2089794110705297E+00           200             3  -0.35421584E+02
 -0.1445220268471507E+01  -0.1574778806651858E-18   0.2151054538730515E+00           200             3  -0.36517843E+02
 -0.1459672471156222E+01  -0.5924473691743605E-24   0.2212500498066879E+00           200             3  -0.36515480E+02
 -0.1474269195867784E+01   0.9640778875464717E-18   0.2274132919898720E+00           200             3  -0.35819408E+02
 -0.1489011887826462E+01   0.9497205212506285E-17   0.2335952740803436E+00           200             3  -0.36350514E+02
 -0.1503902006704727E+01   0.4975840930644746E-18   0.2397960902782695E+00           200             3  -0.36507682E+02
 -0.1518941026771774E+01   0.4247994897044627E-18   0.2460158353293813E+00           200             3  -0.35812506E+02
 -0.1534130437039492E+01  -0.2963313699236304E-18   0.2522546045281262E+00           200             3  -0.36503125E+02
 -0.1549471741409887E+01   0.1976572973190221E-18   0.2585124937208342E+00           200             3  -0.36500766E+02
 -0.1564966458823986E+01  -0.4308392944669820E-18   0.2647895993089006E+00           200             3  -0.36498037E+02
 -0.1580616123412226E+01  -0.8501357825616435E-17   0.2710860182519828E+00           200             3  -0.36379693E+02
 -0.1596422284646348E+01  -0.1493882243123141E-16   0.2774018480712140E+00           200             3  -0.35352680E+02
 -0.1612386507492812E+01   0.4007525119839046E-18   0.2837371868524305E+00           200             3  -0.36490685E+02
 -0.1628510372567740E+01  -0.6796512605640231E-17   0.2900921332494157E+00           200             3  -0.35381184E+02
 -0.1644795476293417E+01  -0.7330535122467543E-18   0.2964667864871591E+00           200             3  -0.34876518E+02
 -0.1661243431056351E+01   0.4071647854070034E-18   0.3028612463651302E+00           200             3  -0.36483223E+02
 -0.1677855865366915E+01   0.4722261677178602E-18   0.3092756132605690E+00           200             3  -0.35787758E+02
 -0.1694634424020584E+01  -0.3001453016737423E-18   0.3157099881317906E+00           200             3  -0.36478345E+02
 -0.1711580768260790E+01   0.0000000000000000E+00   0.3221644725215070E+00           200             3  -0.12000000E+03
 -0.1728696575943398E+01   0.3256998398561052E-16   0.3286391685601626E+00           200             3  -0.35219062E+02
 -0.1745983541702832E+01  -0.2733302658940019E-18   0.3351341789692870E+00           200             3  -0.36470818E+02
 -0.1763443377119860E+01   0.4393854196574765E-18   0.3416496070648619E+00           200             3  -0.36468110E+02
 -0.1781077810891059E+01  -0.5335612304222087E-18   0.3481855567607051E+00           200             3  -0.35772612E+02
 -0.1798888588999969E+01   0.1445245227302630E-16   0.3547421325718687E+00           200             3  -0.35698548E+02
 -0.1816877474889969E+01   0.4105128326640278E-18   0.3613194396180542E+00           200             3  -0.35767566E+02
 -0.1835046249638868E+01   0.0000000000000000E+00   0.3679175836270431E+00           200             3  -0.12000000E+03
 -0.1853396712135257E+01   0.3151366024717983E-18   0.3745366709381422E+00           200             3  -0.35762477E+02
 -0.1871930679256610E+01   0.3145634019901194E-18   0.3811768085056463E+00           200             3  -0.36452953E+02
 -0.1890649986049176E+01   0.0000000000000000E+00   0.3878381039023148E+00           200             3  -0.12000000E+03
 -0.1909556485909668E+01   0.1718143407666333E-17   0.3945206653228667E+00           200             3  -0.35348874E+02
 -0.1928652050768764E+01  -0.5519534102742461E-18   0.4012246015874883E+00           200             3  -0.35752106E+02
 -0.1947938571276452E+01  -0.1214940395875331E-16   0.4079500221453599E+00           200             3  -0.35322173E+02
 -0.1967417956989217E+01   0.1517760166603257E-17   0.4146970370781959E+00           200             3  -0.35746241E+02
 -0.1987092136559109E+01  -0.3520575145560372E-18   0.4214657571038020E+00           200             3  -0.36437401E+02
 -0.2006963057924700E+01   0.5933242692884338E-18   0.4282562935796483E+00           200             3  -0.36434487E+02
 -0.2027032688503947E+01  -0.1178574801495667E-18   0.4350687585064587E+00           200             3  -0.36432326E+02
 -0.2047303015388986E+01   0.5651903155601688E-24   0.4419032645318150E+00           200             3  -0.36429724E+02
 -0.2067776045542876E+01   0.1053449948479312E-16   0.4487599249537784E+00           200             3  -0.36298442E+02
 -0.2088453805998305E+01   0.7233327446806050E-18   0.4556388537245264E+00           200             3  -0.35325775E+02
 -0.2109338344058288E+01   0.2447098399778366E-18   0.4625401654540053E+00           200             3  -0.36421746E+02
 -0.2130431727498871E+01  -0.2389470586431304-307   0.4694639754136006E+00           200             3  -0.70618107E+03
 -0.2151736044773860E+01   0.3603867490673683E-16   0.4764103995398211E+00           200             3  -0.35678038E+02
 -0.2173253405221598E+01   0.1867866172042241E-17   0.4833795544380004E+00           200             3  -0.35314755E+02
 -0.2194985939273814E+01  -0.2949361954354172E-16   0.4903715573860151E+00           200             3  -0.35201011E+02
 -0.2216935798666552E+01   0.1460224769771120E-18   0.4973865263380179E+00           200             3  -0.36408508E+02
 -0.2239105156653218E+01   0.2925549500420894E-18   0.5044245799281877E+00           200             3  -0.35712684E+02
 -0.2261496208219750E+01   0.3051857007186199E-18   0.5114858374744953E+00           200             3  -0.36403057E+02
 -0.2284111170301947E+01  -0.4429537092465163E-17   0.5185704189824865E+00           200             3  -0.34608029E+02
 -0.2306952282004967E+01   0.9368052726687740E-18   0.5256784451490799E+00           200             3  -0.35704365E+02
 -0.2330021804825016E+01  -0.3134074567619663E-18   0.5328100373663824E+00           200             3  -0.36394966E+02
 -0.2353322022873266E+01  -0.5193406780442391E-18   0.5399653177255197E+00           200             3  -0.35699151E+02
 -0.2376855243101999E+01   0.2674968376451936E-18   0.5471444090204844E+00           200             3  -0.35696500E+02
 -0.2400623795533019E+01   0.1429335469207918E-17   0.5543474347519997E+00           200             3  -0.35693151E+02
 -0.2424630033488349E+01  -0.1330679143616553E-17   0.5615745191313986E+00           200             3  -0.34774696E+02
 -0.2448876333823232E+01  -0.3811461571640257E-16   0.5688257870845219E+00           200             3  -0.34399014E+02
 -0.2473365097161465E+01  -0.2422032174056849E-16   0.5761013642556301E+00           200             3  -0.34740137E+02
 -0.2498098748133080E+01   0.1018309768367977E-15   0.5834013770113331E+00           200             3  -0.34036888E+02
 -0.2523079735614410E+01   0.5679552101558054E-18   0.5907259524445354E+00           200             3  -0.36372843E+02
 -0.2548310532970555E+01  -0.3939140299972922E-18   0.5980752183783999E+00           200             3  -0.35271864E+02
 -0.2573793638300260E+01  -0.1313389259553920E-17   0.6054493033703248E+00           200             3  -0.34981302E+02
 -0.2599531574683263E+01   0.0000000000000000E+00   0.6128483367159389E+00           200             3  -0.12000000E+03
 -0.2625526890430096E+01  -0.6963421156597320E-16   0.6202724484531147E+00           200             3  -0.34686699E+02
 -0.2651782159334397E+01   0.4902324363955841E-16   0.6277217693659952E+00           200             3  -0.35196994E+02
 -0.2678299980927741E+01  -0.2768730833402202E-16   0.6351964309890396E+00           200             3  -0.36012405E+02
 -0.2705082980737018E+01  -0.3837429076981075E-18   0.6426965656110835E+00           200             3  -0.36353627E+02
 -0.2732133810544389E+01  -0.1411245429626689E-16   0.6502223062794179E+00           200             3  -0.34948728E+02
 -0.2759455148649832E+01   0.9887327845208947E-17   0.6577737868038829E+00           200             3  -0.36234207E+02
 -0.2787049700136331E+01   0.5796719971651833E-18   0.6653511417609792E+00           200             3  -0.35246732E+02
 -0.2814920197137694E+01   0.1897336249092221E-17   0.6729545064979960E+00           200             3  -0.34396565E+02
 -0.2843069399109071E+01   0.2992096982508479E-17   0.6805840171371547E+00           200             3  -0.34952709E+02
 -0.2871500093100162E+01   0.7478178570760629E-18   0.6882398105797702E+00           200             3  -0.35643577E+02
 -0.2900215094031163E+01   0.9917158928418201E-18   0.6959220245104296E+00           200             3  -0.35640594E+02
 -0.2929217244971475E+01  -0.3374618840228403E-16   0.7036307974011853E+00           200             3  -0.34857634E+02
 -0.2958509417421189E+01  -0.3279515513405185E-16   0.7113662685157667E+00           200             3  -0.34497931E+02
 -0.2988094511595401E+01  -0.1117473145662935E-23   0.7191285779138082E+00           200             3  -0.36325508E+02
 -0.3017975456711355E+01  -0.8831841793539657E-18   0.7269178664550944E+00           200             3  -0.35223911E+02
 -0.3048155211278469E+01  -0.4842356470474858E-18   0.7347342758038204E+00           200             3  -0.36319448E+02
 -0.3078636763391254E+01  -0.4116464444178400E-18   0.7425779484328714E+00           200             3  -0.36316656E+02
 -0.3109423131025166E+01  -0.3023176806686224E-17   0.7504490276281166E+00           200             3  -0.34704061E+02
 -0.3140517362335418E+01  -0.1027858777669766E-17   0.7583476574927219E+00           200             3  -0.34365170E+02
 -0.3171922535958772E+01   0.1318415685117836E-16   0.7662739829514791E+00           200             3  -0.34689166E+02
 -0.3203641761318360E+01   0.9405660741005377E-18   0.7742281497551502E+00           200             3  -0.35206556E+02
 -0.3235678178931544E+01   0.2378721944248290E-17   0.7822103044848316E+00           200             3  -0.34356321E+02
 -0.3268034960720859E+01  -0.4608678512364044E-16   0.7902205945563321E+00           200             3  -0.34944369E+02
 -0.3300715310328068E+01   0.3496429442626425E-16   0.7982591682245710E+00           200             3  -0.35289517E+02
 -0.3333722463431349E+01  -0.6853349844149593E-18   0.8063261745879899E+00           200             3  -0.35600303E+02
 -0.3367059688065662E+01   0.9868347589728610E-18   0.8144217635929849E+00           200             3  -0.35597181E+02
 -0.3400730284946319E+01   0.1263109785986879E-16   0.8225460860383522E+00           200             3  -0.34669085E+02
 -0.3434737587795782E+01   0.2106376324801305E-18   0.8306992935797535E+00           200             3  -0.35186165E+02
 -0.3469084963673740E+01   0.2429066638665325E-16   0.8388815387341978E+00           200             3  -0.35407825E+02
 -0.3503775813310477E+01   0.2170926428910851E-18   0.8470929748845388E+00           200             3  -0.35585698E+02
 -0.3538813571443582E+01  -0.2807599803923141-307   0.8553337562839924E+00           200             3  -0.70593648E+03
 -0.3574201707158018E+01  -0.7370705499453586E-16   0.8636040380606678E+00           200             3  -0.34079413E+02
 -0.3609943724229598E+01  -0.9756696909420561E-18   0.8719039762221179E+00           200             3  -0.34883545E+02
 -0.3646043161471894E+01   0.4590100865294144E-18   0.8802337276599070E+00           200             3  -0.35573711E+02
 -0.3682503593086613E+01   0.3512608753992050E-18   0.8885934501541946E+00           200             3  -0.36263751E+02
 -0.3719328629017479E+01  -0.3175748377932041E-23   0.8969833023783363E+00           200             3  -0.34874643E+02
 -0.3756521915307654E+01  -0.1355506636299285E-18   0.9054034439035044E+00           200             3  -0.36257898E+02
 -0.3794087134460730E+01   0.0000000000000000E+00   0.9138540352033213E+00           200             3  -0.12000000E+03
 -0.3832028005805338E+01   0.6707495852291906E-18   0.9223352376585154E+00           200             3  -0.35558560E+02
 -0.3870348285863391E+01   0.2380544226628852E-18   0.9308472135615899E+00           200             3  -0.36248765E+02
 -0.3909051768722025E+01  -0.2170075330574572E-16   0.9393901261215118E+00           200             3  -0.34284569E+02
 -0.3948142286409245E+01   0.1597214086757068E-16   0.9479641394684162E+00           200             3  -0.34288426E+02
 -0.3987623709273338E+01   0.4417992485284395E-18   0.9565694186583307E+00           200             3  -0.35546497E+02
 -0.4027499946366071E+01  -0.7125196312363646E-24   0.9652061296779136E+00           200             3  -0.35543521E+02
 -0.4067774945829732E+01  -0.2114653928940254E-18   0.9738744394492131E+00           200             3  -0.36233530E+02
 -0.4108452695288030E+01  -0.1166365991728886E-17   0.9825745158344423E+00           200             3  -0.34844096E+02
 -0.4149537222240910E+01   0.2633254253733260E-18   0.9913065276407704E+00           200             3  -0.36227339E+02
 -0.4191032594463318E+01   0.4695659656302037E-18   0.1000070644625135E+01           200             3  -0.35531132E+02
 -0.4232942920407952E+01  -0.1546795346831472E-17   0.1008867037499068E+01           200             3  -0.34834729E+02
 -0.4275272349612032E+01  -0.7474598812879888E-16   0.1017695877933543E+01           200             3  -0.34729702E+02
 -0.4318025073108152E+01  -0.3053020548510580-307   0.1026557338563837E+01           200             3  -0.70570143E+03
 -0.4361205323839234E+01   0.7742517995090120E-23   0.1035451592994411E+01           200             3  -0.33814078E+02
 -0.4404817377077626E+01   0.3079028490635032E-17   0.1044378815803811E+01           200             3  -0.34011421E+02
 -0.4448865550848403E+01  -0.1862570165159343E-17   0.1053339182549579E+01           200             3  -0.34413798E+02
 -0.4493354206356887E+01   0.1517581958072320E-17   0.1062332869773194E+01           200             3  -0.34816043E+02
 -0.4538287748420456E+01  -0.1391976690160770E-17   0.1071360055005020E+01           200             3  -0.34589884E+02
 -0.4583670625904660E+01  -0.1174311972947734E-18   0.1080420916769274E+01           200             3  -0.35503169E+02
 -0.4629507332163707E+01  -0.5878535681835476E-16   0.1089515634589019E+01           200             3  -0.34644714E+02
 -0.4675802405485344E+01   0.1452386687395579E-17   0.1098644388991166E+01           200             3  -0.34580416E+02
 -0.4722560429540198E+01   0.4197458536629080E-17   0.1107807361511497E+01           200             3  -0.33788674E+02
 -0.4769786033835600E+01  -0.3226196625547926-307   0.1117004734699711E+01           200             3  -0.70556199E+03
 -0.4817483894173956E+01   0.2939436357081492E-16   0.1126236692124480E+01           200             3  -0.35178323E+02
 -0.4865658733115696E+01  -0.4091880499893602E-17   0.1135503418378528E+01           200             3  -0.34097356E+02
 -0.4914315320446853E+01  -0.1334654089547168E-16   0.1144805099083730E+01           200             3  -0.34765814E+02
 -0.4963458473651322E+01  -0.1278042982209909E-15   0.1154141920896221E+01           200             3  -0.34041173E+02
 -0.5013093058387835E+01  -0.1377870412143733E-17   0.1163514071511535E+01           200             3  -0.34375861E+02
 -0.5063223988971714E+01  -0.4057464165671283-307   0.1172921739669750E+01           200             3  -0.70527980E+03
 -0.5113856228861431E+01  -0.1201520050700730E-15   0.1182365115160665E+01           200             3  -0.33281886E+02
 -0.5164994791150046E+01  -0.1268421107452594E-15   0.1191844388828978E+01           200             3  -0.33535323E+02
 -0.5216644739061547E+01  -0.2133231413393067E-18   0.1201359752579504E+01           200             3  -0.36154749E+02
 -0.5268811186452163E+01   0.2906076070842352E-18   0.1210911399382390E+01           200             3  -0.36151426E+02
 -0.5321499298316684E+01   0.4158243266318390E-17   0.1220499523278363E+01           200             3  -0.33845399E+02
 -0.5374714291299851E+01  -0.1720165973523116E-16   0.1230124319383994E+01           200             3  -0.33939797E+02
 -0.5428461434212849E+01   0.3000490473428328E-18   0.1239785983896976E+01           200             3  -0.36141654E+02
 -0.5482746048554977E+01  -0.2794061162081861-290   0.1249484714101426E+01           200             3  -0.66641086E+03
 -0.5537573509040527E+01   0.5136615293832115-307   0.1259220708373200E+01           200             3  -0.70496151E+03
 -0.5592949244130932E+01  -0.2631994828553153-307   0.1268994166185236E+01           200             3  -0.70562079E+03
 -0.5648878736572241E+01   0.2409368335257883E-16   0.1278805288112908E+01           200             3  -0.34155570E+02
 -0.5705367523937964E+01  -0.2200463420677538E-17   0.1288654275839398E+01           200             3  -0.33928102E+02
 -0.5762421199177344E+01   0.5053945785653950E-17   0.1298541332161098E+01           200             3  -0.33556857E+02
 -0.5820045411169117E+01  -0.1224101111614057E-16   0.1308466660993019E+01           200             3  -0.33477939E+02
 -0.5878245865280809E+01  -0.3213073399697911E-18   0.1318430467374224E+01           200             3  -0.34729247E+02
 -0.5937028323933617E+01  -0.1497735788122661E-17   0.1328432957473285E+01           200             3  -0.34502576E+02
 -0.5996398607172953E+01  -0.2314476699820567E-16   0.1338474338593749E+01           200             3  -0.33792890E+02
 -0.6056362593244683E+01  -0.4444605448808163E-16   0.1348554819179632E+01           200             3  -0.34065376E+02
 -0.6116926219177129E+01   0.6543673763244355E-18   0.1358674608820934E+01           200             3  -0.35408820E+02
 -0.6178095481368900E+01  -0.7908940959793185E-16   0.1368833918259163E+01           200             3  -0.34068636E+02
 -0.6239876436182589E+01  -0.3962590462112962E-18   0.1379032959392889E+01           200             3  -0.36095131E+02
 -0.6302275200544416E+01   0.4548519043948711E-17   0.1389271945283312E+01           200             3  -0.33452850E+02
 -0.6365297952549859E+01  -0.5685194813921579E-16   0.1399551090159858E+01           200             3  -0.33704741E+02
 -0.6428950932075358E+01  -0.1173242551104750E-17   0.1409870609425778E+01           200             3  -0.34293591E+02
 -0.6493240441396112E+01   0.1416310072297934E-17   0.1420230719663789E+01           200             3  -0.34136053E+02
 -0.6558172845810073E+01  -0.1344294203465343E-18   0.1430631638641720E+01           200             3  -0.36078643E+02
 -0.6623754574268173E+01   0.2687537937639436E-23   0.1441073585318180E+01           200             3  -0.33995861E+02
 -0.6689992120010855E+01   0.9749982490045923E-18   0.1451556779848252E+01           200             3  -0.34462356E+02
 -0.6756892041210963E+01  -0.7814531769535355E-16   0.1462081443589203E+01           200             3  -0.33406734E+02
 -0.6824460961623073E+01   0.6817419365527982E-18   0.1472647799106217E+01           200             3  -0.34966322E+02
 -0.6892705571239303E+01  -0.2146648566649404E-16   0.1483256070178146E+01           200             3  -0.33652352E+02
 -0.6961632626951697E+01  -0.1386683311250817E-17   0.1493906481803283E+01           200             3  -0.34671583E+02
 -0.7031248953221214E+01   0.3870922118316782E-16   0.1504599260205156E+01           200             3  -0.33047549E+02
 -0.7101561442753426E+01  -0.2631514835572155-307   0.1515334632838345E+01           200             3  -0.70538459E+03
 -0.7172577057180961E+01  -0.9763709981129045E-18   0.1526112828394315E+01           200             3  -0.33968443E+02
 -0.7244302827752771E+01  -0.1951982707309112E-17   0.1536934076807274E+01           200             3  -0.33964847E+02
 -0.7316745856030298E+01   0.1346176598655205E-15   0.1547798609260054E+01           200             3  -0.33641939E+02
 -0.7389913314590602E+01  -0.3845455277309312E-18   0.1558706658190004E+01           200             3  -0.34938892E+02
 -0.7463812447736507E+01  -0.2487499362447588E-16   0.1569658457294920E+01           200             3  -0.33576200E+02
 -0.7538450572213873E+01  -0.1053035534729702E-17   0.1580654241538981E+01           200             3  -0.34238746E+02
 -0.7613835077936011E+01   0.7051086276433050E-18   0.1591694247158716E+01           200             3  -0.33947658E+02
 -0.7689973428715372E+01   0.8940130998496953E-16   0.1602778711668990E+01           200             3  -0.33404298E+02
 -0.7766873163002526E+01  -0.1588323826778253E-17   0.1613907873869013E+01           200             3  -0.33455135E+02
 -0.7844541894632551E+01   0.1373941498139241E-17   0.1625081973848370E+01           200             3  -0.34144670E+02
 -0.7922987313578877E+01   0.1182860438975973E-17   0.1636301252993072E+01           200             3  -0.34913942E+02
 -0.8002217186714665E+01  -0.2194696335671092E-17   0.1647565953991634E+01           200             3  -0.33929885E+02
 -0.8082239358581811E+01  -0.8458875819689689E-16   0.1658876320841171E+01           200             3  -0.33689354E+02
 -0.8163061752167629E+01   0.5710023180926533E-18   0.1670232598853516E+01           200             3  -0.34903801E+02
 -0.8244692369689306E+01  -0.2824120522190659E-17   0.1681635034661368E+01           200             3  -0.33556434E+02
 -0.8327139293386198E+01   0.3762769081448444E-18   0.1693083876224451E+01           200             3  -0.35302185E+02
 -0.8410410686320059E+01   0.2515338393999360E-16   0.1704579372835708E+01           200             3  -0.33240705E+02
 -0.8494514793183260E+01  -0.2110284642688052E-17   0.1716121775127512E+01           200             3  -0.33385576E+02
 -0.8579459941115093E+01  -0.3286284131854267E-18   0.1727711335077898E+01           200             3  -0.35291543E+02
 -0.8665254540526245E+01   0.4730761717829341E-17   0.1739348306016825E+01           200             3  -0.33208280E+02
 -0.8751907085931508E+01   0.6968590414021379E-17   0.1751032942632458E+01           200             3  -0.33673028E+02
 -0.8839426156790823E+01  -0.7980934323119390E-16   0.1762765500977473E+01           200             3  -0.32829728E+02
 -0.8927820418358731E+01  -0.1591076767908155E-15   0.1774546238475385E+01           200             3  -0.32676866E+02
 -0.9017098622542319E+01  -0.1654172758430115E-17   0.1786375413926908E+01           200             3  -0.33104647E+02
 -0.9107269608767742E+01  -0.2151269393257684E-15   0.1798253287516327E+01           200             3  -0.32563731E+02
 -0.9198342304855419E+01  -0.8095356463857915E-16   0.1810180120817903E+01           200             3  -0.33867942E+02
 -0.9290325727903973E+01   0.4777503144252966E-16   0.1822156176802302E+01           200             3  -0.34151003E+02
 -0.9383228985183013E+01  -0.2418931063604630E-16   0.1834181719843043E+01           200             3  -0.35081789E+02
 -0.9477061275034844E+01   0.7504847250586026E-16   0.1846257015722979E+01           200             3  -0.33368483E+02
 -0.9571831887785192E+01   0.1224346886661068E-17   0.1858382331640797E+01           200             3  -0.34153218E+02
 -0.9667550206663044E+01  -0.1986116578168932E-15   0.1870557936217542E+01           200             3  -0.32596419E+02
 -0.9764225708729676E+01  -0.8851505462099900E-18   0.1882784099503176E+01           200             3  -0.33991900E+02
 -0.9861867965816973E+01   0.1522425066334357E-18   0.1895061092983151E+01           200             3  -0.33854792E+02
 -0.9960486645475143E+01   0.4688369697686130E-16   0.1907389189585014E+01           200             3  -0.32907619E+02
 -0.1006009151192989E+02  -0.3921160063872177E-16   0.1919768663685036E+01           200             3  -0.33687440E+02
 -0.1016069242704919E+02   0.4188363470470075E-17   0.1932199791114873E+01           200             3  -0.33396918E+02
 -0.1026229935131968E+02  -0.5419350139195427E-18   0.1944682849168240E+01           200             3  -0.34415401E+02
 -0.1036492234483288E+02   0.2153855307757750E-17   0.1957218116607625E+01           200             3  -0.32871291E+02
 -0.1046857156828121E+02  -0.1443348940880379E-17   0.1969805873671024E+01           200             3  -0.33273062E+02
 -0.1057325728396402E+02   0.5833414495364182E-16   0.1982446402078702E+01           200             3  -0.34014632E+02
 -0.1067898985680366E+02  -0.2319707676959308E-17   0.1995139985039982E+01           200             3  -0.36488996E+02
 -0.1078577975537170E+02  -0.1450975248410520E-15   0.2007886907260064E+01           200             3  -0.32638029E+02
 -0.1089363755292542E+02  -0.4794334204843396E-18   0.2020687454946866E+01           200             3  -0.34192554E+02
 -0.1100257392845467E+02  -0.1776791370795207E-15   0.2033541915817897E+01           200             3  -0.32555156E+02
 -0.1111259966773922E+02  -0.4699552296304577E-18   0.2046450579107159E+01           200             3  -0.34637022E+02
 -0.1122372566441661E+02  -0.1194788378995469E-17   0.2059413735572070E+01           200             3  -0.33688825E+02
 -0.1133596292106078E+02   0.5158108169633950E-17   0.2072431677500425E+01           200             3  -0.32911566E+02
 -0.1144932255027138E+02  -0.1116557604685056E-15   0.2085504698717376E+01           200             3  -0.32470236E+02
 -0.1156381577577410E+02   0.3741725005657549E-17   0.2098633094592450E+01           200             3  -0.32424833E+02
 -0.1167945393353184E+02   0.1702096463930443E-17   0.2111817162046585E+01           200             3  -0.33730823E+02
 -0.1179624847286716E+02   0.2420877397852946E-17   0.2125057199559210E+01           200             3  -0.33994666E+02
 -0.1191421095759583E+02   0.3522542289700927E-17   0.2138353507175337E+01           200             3  -0.32918939E+02
 -0.1203335306717179E+02   0.3108130512675341E-16   0.2151706386512696E+01           200             3  -0.32897524E+02
 -0.1215368659784351E+02   0.3779097276374261E-16   0.2165116140768896E+01           200             3  -0.32321225E+02
 -0.1227522346382194E+02   0.4611316244843119E-17   0.2178583074728611E+01           200             3  -0.32881444E+02
 -0.1239797569846016E+02  -0.2143802696623948E-17   0.2192107494770807E+01           200             3  -0.32957979E+02
 -0.1252195545544476E+02   0.5632082629514668E-16   0.2205689708875986E+01           200             3  -0.32372049E+02
 -0.1264717500999921E+02  -0.1321840607164023E-16   0.2219330026633473E+01           200             3  -0.32114398E+02
 -0.1277364676009920E+02  -0.6302458426632124E-17   0.2233028759248726E+01           200             3  -0.32310403E+02
 -0.1290138322770020E+02   0.4573599863348823E-17   0.2246786219550683E+01           200             3  -0.32594275E+02
 -0.1303039705997720E+02   0.6600131308521868E-17   0.2260602721999134E+01           200             3  -0.32178484E+02
 -0.1316070103057697E+02  -0.4585058857305388E-17   0.2274478582692129E+01           200             3  -0.32299030E+02
 -0.1329230804088274E+02  -0.2333226418371558E-15   0.2288414119373423E+01           200             3  -0.32368670E+02
 -0.1342523112129157E+02   0.7270480097951005E-16   0.2302409651439938E+01           200             3  -0.33558643E+02
 -0.1355948343250448E+02   0.7868365598196023E-18   0.2316465499949273E+01           200             3  -0.33462571E+02
 -0.1369507826682953E+02  -0.1932873812588962E-15   0.2330581987627240E+01           200             3  -0.32472576E+02
 -0.1383202904949782E+02  -0.3681193146825667E-16   0.2344759438875434E+01           200             3  -0.32670558E+02
 -0.1397034933999280E+02   0.5926160891438799E-17   0.2358998179778832E+01           200             3  -0.31768062E+02
 -0.1411005283339273E+02  -0.2424607512185844E-17   0.2373298538113437E+01           200             3  -0.32559762E+02
 -0.1425115336172666E+02  -0.6209854105632779E-18   0.2387660843353937E+01           200             3  -0.33779673E+02
 -0.1439366489534392E+02   0.4490789921395575E-17   0.2402085426681422E+01           200             3  -0.32406148E+02
 -0.1453760154429736E+02  -0.1310999372920088E-15   0.2416572620991111E+01           200             3  -0.31797724E+02
 -0.1468297755974034E+02  -0.1730804604286053E-15   0.2431122760900135E+01           200             3  -0.32069159E+02
 -0.1482980733533774E+02  -0.5808484094482223E-18   0.2445736182755335E+01           200             3  -0.33987197E+02
 -0.1497810540869112E+02  -0.5265658501096670E-18   0.2460413224641112E+01           200             3  -0.33423734E+02
 -0.1512788646277803E+02  -0.4986801108793122E-18   0.2475154226387303E+01           200             3  -0.34161679E+02
 -0.1527916532740581E+02   0.6847638641727673E-17   0.2489959529577096E+01           200             3  -0.32301099E+02
 -0.1543195698067987E+02  -0.1257315564660244E-15   0.2504829477554977E+01           200             3  -0.31496703E+02
 -0.1558627655048666E+02   0.3017973895958837E-17   0.2519764415434717E+01           200             3  -0.32293597E+02
 -0.1574213931599153E+02   0.2526211153160785E-17   0.2534764690107399E+01           200             3  -0.33081017E+02
 -0.1589956070915145E+02  -0.9331235103841379E-17   0.2549830650249470E+01           200             3  -0.31849185E+02
 -0.1605855631624296E+02   0.5061707826007958E-17   0.2564962646330843E+01           200             3  -0.32569048E+02
 -0.1621914187940539E+02  -0.1740047573185440E-17   0.2580161030623029E+01           200             3  -0.32565512E+02
 -0.1638133329819944E+02   0.1153243195288458E-17   0.2595426157207306E+01           200             3  -0.33488202E+02
 -0.1654514663118144E+02   0.2450291018994847E-17   0.2610758381982932E+01           200             3  -0.32765095E+02
 -0.1671059809749325E+02  -0.5366933046587533E-19   0.2626158062675390E+01           200             3  -0.32250472E+02
 -0.1687770407846819E+02   0.2261387369757846E-17   0.2641625558844676E+01           200             3  -0.32614097E+02
 -0.1704648111925287E+02  -0.1847889575265773E-15   0.2657161231893620E+01           200             3  -0.32104599E+02
 -0.1721694593044540E+02   0.1939980368419186E-17   0.2672765445076254E+01           200             3  -0.32562667E+02
 -0.1738911538974985E+02  -0.3946735574064773E-17   0.2688438563506214E+01           200             3  -0.32249828E+02
 -0.1756300654364735E+02  -0.1930983835254904E-17   0.2704180954165182E+01           200             3  -0.33072451E+02
 -0.1773863660908382E+02   0.5391606291281480E-18   0.2719992985911371E+01           200             3  -0.32639676E+02
 -0.1791602297517466E+02   0.5720910166075774E-17   0.2735875029488045E+01           200             3  -0.35138050E+02
 -0.1809518320492641E+02  -0.2083539475112390E-18   0.2751827457532085E+01           200             3  -0.34446891E+02
 -0.1827613503697567E+02  -0.3254257558107840E-15   0.2767850644582596E+01           200             3  -0.31716465E+02
 -0.1845889638734543E+02   0.1751968708660668E-23   0.2783944967089550E+01           200             3  -0.31810078E+02
 -0.1864348535121889E+02   0.5664843885471492E-17   0.2800110803422474E+01           200             3  -0.31653224E+02
 -0.1882992020473107E+02  -0.8797140160138553E-18   0.2816348533879183E+01           200             3  -0.32484870E+02
 -0.1901821940677839E+02  -0.3745151570387213E-17   0.2832658540694546E+01           200             3  -0.31576814E+02
 -0.1920840160084617E+02   0.5375575390198120E-18   0.2849041208049305E+01           200             3  -0.34422351E+02
 -0.1940048561685463E+02  -0.1390109985137479E-15   0.2865496922078930E+01           200             3  -0.31329782E+02
 -0.1959449047302318E+02  -0.2143927566865395E-17   0.2882026070882520E+01           200             3  -0.32097747E+02
 -0.1979043537775341E+02  -0.4141538700783238E-17   0.2898629044531748E+01           200             3  -0.32197271E+02
 -0.1998833973153095E+02  -0.3081171553708736E-17   0.2915306235079845E+01           200             3  -0.31841405E+02
 -0.2018822312884626E+02  -0.2351088804683261E-15   0.2932058036570634E+01           200             3  -0.31918104E+02
 -0.2039010536013472E+02   0.5508583423527981E-17   0.2948884845047607E+01           200             3  -0.31590433E+02
 -0.2059400641373606E+02   0.1459804154024513E-17   0.2965787058563043E+01           200             3  -0.32049591E+02
 -0.2079994647787343E+02  -0.4378851240642545E-17   0.2982765077187176E+01           200             3  -0.31499617E+02
 -0.2100794594265216E+02   0.5767643751193021E-17   0.2999819303017409E+01           200             3  -0.31888913E+02
 -0.2121802540207868E+02   0.4462042911493276E-17   0.3016950140187562E+01           200             3  -0.32233043E+02
 -0.2143020565609947E+02  -0.5543835593291602E-18   0.3034157994877188E+01           200             3  -0.34020856E+02
 -0.2164450771266046E+02  -0.7021160783945086E-18   0.3051443275320910E+01           200             3  -0.31786936E+02
 -0.2186095278978707E+02  -0.1838200381472474E-17   0.3068806391817827E+01           200             3  -0.32254901E+02
 -0.2207956231768494E+02  -0.6594449752367927E-17   0.3086247756740954E+01           200             3  -0.31334401E+02
 -0.2230035794086179E+02  -0.7158334666285648E-19   0.3103767784546710E+01           200             3  -0.34920837E+02
 -0.2252336152027041E+02  -0.1232993406596060E-15   0.3121366891784462E+01           200             3  -0.31625749E+02
 -0.2274859513547311E+02  -0.2166370466568535E-16   0.3139045497106110E+01           200             3  -0.31898866E+02
 -0.2297608108682784E+02   0.9041493060677732E-18   0.3156804021275718E+01           200             3  -0.32962437E+02
 -0.2320584189769612E+02   0.1412706315809114E-16   0.3174642887179208E+01           200             3  -0.32333392E+02
 -0.2343790031667308E+02   0.5733840925210262E-17   0.3192562519834082E+01           200             3  -0.31255858E+02
 -0.2367227931983981E+02   0.1306190126188697E-17   0.3210563346399213E+01           200             3  -0.32107826E+02
 -0.2390900211303821E+02  -0.1172415758407503E-16   0.3228645796184672E+01           200             3  -0.30818281E+02
 -0.2414809213416860E+02  -0.5768389270542645E-16   0.3246810300661617E+01           200             3  -0.30925008E+02
 -0.2438957305551028E+02  -0.1379861165970923E-17   0.3265057293472220E+01           200             3  -0.31900250E+02
 -0.2463346878606539E+02  -0.4626726475790345E-16   0.3283387210439655E+01           200             3  -0.30872478E+02
 -0.2487980347392604E+02  -0.2043534010868688E-16   0.3301800489578132E+01           200             3  -0.30957104E+02
 -0.2512860150866530E+02  -0.8195000442930358E-18   0.3320297571102986E+01           200             3  -0.32760594E+02
 -0.2537988752375195E+02   0.5422286705158923E-18   0.3338878897440813E+01           200             3  -0.33308444E+02
 -0.2563368639898947E+02  -0.2189824154152597E-15   0.3357544913239665E+01           200             3  -0.31208443E+02
 -0.2589002326297937E+02  -0.1757391960544018E-17   0.3376296065379289E+01           200             3  -0.31995991E+02
 -0.2614892349560916E+02   0.4735534705256611E-17   0.3395132802981429E+01           200             3  -0.31567310E+02
 -0.2641041273056525E+02  -0.5398949782852106E-17   0.3414055577420174E+01           200             3  -0.31572414E+02
 -0.2667451685787091E+02   0.7374033194057286E-16   0.3433064842332364E+01           200             3  -0.30822360E+02
 -0.2694126202644961E+02  -0.9762137201278922E-16   0.3452161053628042E+01           200             3  -0.30597818E+02
 -0.2721067464671411E+02  -0.1034262175620912E-16   0.3471344669500974E+01           200             3  -0.31944564E+02
 -0.2748278139318125E+02  -0.6749897145086888E-17   0.3490616150439216E+01           200             3  -0.31256108E+02
 -0.2775760920711306E+02  -0.2028782521076642E-16   0.3509975959235728E+01           200             3  -0.32158053E+02
 -0.2803518529918419E+02  -0.6808227692841121E-17   0.3529424560999065E+01           200             3  -0.31528128E+02
 -0.2831553715217603E+02  -0.2032793805181635E-17   0.3548962423164099E+01           200             3  -0.32198966E+02
 -0.2859869252369780E+02  -0.1589514064641602E-15   0.3568590015502816E+01           200             3  -0.31390218E+02
 -0.2888467944893478E+02  -0.2311108646862890E-15   0.3588307810135164E+01           200             3  -0.30811808E+02
 -0.2917352624342412E+02   0.8543908464141022E-18   0.3608116281539949E+01           200             3  -0.33102449E+02
 -0.2946526150585836E+02  -0.9019445405663910E-17   0.3628015906565805E+01           200             3  -0.31910807E+02
 -0.2975991412091695E+02   0.3082946254455434E-15   0.3648007164442210E+01           200             3  -0.30264815E+02
 -0.3005751326212612E+02   0.2509093826531598E-15   0.3668090536790559E+01           200             3  -0.30885015E+02
 -0.3035808839474738E+02   0.9609522035491151E-17   0.3688266507635306E+01           200             3  -0.31502691E+02
 -0.3066166927869486E+02   0.1152205518759362E-17   0.3708535563415153E+01           200             3  -0.32387999E+02
 -0.3096828597148181E+02   0.1127321710389811E-17   0.3728898192994308E+01           200             3  -0.32454313E+02
 -0.3127796883119662E+02  -0.1305399944122288E-15   0.3749354887673793E+01           200             3  -0.31931764E+02
 -0.3159074851950859E+02  -0.5339093304105787E-16   0.3769906141202821E+01           200             3  -0.31622852E+02
 -0.3190665600470368E+02  -0.2071156616935950E-17   0.3790552449790229E+01           200             3  -0.32242816E+02
 -0.3222572256475071E+02   0.3035243541511844E-15   0.3811294312115970E+01           200             3  -0.30351014E+02
 -0.3254797979039822E+02  -0.3500333711156245E-17   0.3832132229342667E+01           200             3  -0.31090139E+02
 -0.3287345958830220E+02   0.7920508427149370E-18   0.3853066705127238E+01           200             3  -0.32740837E+02
 -0.3320219418418522E+02   0.1737697358254824E-15   0.3874098245632561E+01           200             3  -0.30579297E+02
 -0.3353421612602707E+02   0.1353380490498174E-15   0.3895227359539225E+01           200             3  -0.31731579E+02
 -0.3386955828728734E+02   0.1317565642633464E-17   0.3916454558057330E+01           200             3  -0.32034735E+02
 -0.3420825387016021E+02  -0.5862131437172924E-18   0.3937780354938352E+01           200             3  -0.33352015E+02
 -0.3455033640886182E+02   0.2876422007343379E-23   0.3959205266487071E+01           200             3  -0.32686492E+02
 -0.3489583977295044E+02  -0.2834661178819103E-15   0.3980729811573569E+01           200             3  -0.30334003E+02
 -0.3524479817067994E+02   0.4452774413320764E-17   0.4002354511645285E+01           200             3  -0.30755124E+02
 -0.3559724615238675E+02  -0.7697024074292018E-15   0.4024079890739131E+01           200             3  -0.29467887E+02
 -0.3595321861391061E+02  -0.1056942259363063E-16   0.4045906475493684E+01           200             3  -0.30804265E+02
 -0.3631275080004972E+02  -0.1872929554927840E-16   0.4067834795161442E+01           200             3  -0.29835087E+02
 -0.3667587830805022E+02   0.1438088116040397E-15   0.4089865381621133E+01           200             3  -0.30856288E+02
 -0.3704263709113071E+02  -0.3893733291529652E-17   0.4111998769390100E+01           200             3  -0.31269513E+02
 -0.3741306346204203E+02   0.2165071454211803E-15   0.4134235495636752E+01           200             3  -0.29675733E+02
 -0.3778719409666245E+02   0.1891433700408437E-17   0.4156576100193083E+01           200             3  -0.30798005E+02
 -0.3816506603762907E+02  -0.6903333610762198E-17   0.4179021125567251E+01           200             3  -0.31113542E+02
 -0.3854671669800537E+02  -0.2401801483973266E-23   0.4201571116956232E+01           200             3  -0.32740255E+02
 -0.3893218386498543E+02   0.4419633853925477E-15   0.4224226622258536E+01           200             3  -0.29713545E+02
 -0.3932150570363528E+02  -0.6735883473347776E-17   0.4246988192086995E+01           200             3  -0.30414584E+02
 -0.3971472076067163E+02  -0.7280042945423917E-15   0.4269856379781626E+01           200             3  -0.29398681E+02
 -0.4011186796827835E+02   0.6141925538598698E-17   0.4292831741422546E+01           200             3  -0.30791967E+02
 -0.4051298664796113E+02   0.4480742387655691E-17   0.4315914835842969E+01           200             3  -0.30824596E+02
 -0.4091811651444074E+02   0.6838930400260017E-17   0.4339106224642276E+01           200             3  -0.29727058E+02
 -0.4132729767958515E+02  -0.2704099509189808E-17   0.4362406472199144E+01           200             3  -0.31610594E+02
 -0.4174057065638100E+02  -0.1300637840711737E-17   0.4385816145684750E+01           200             3  -0.31554177E+02
 -0.4215797636294482E+02  -0.1117321059794147E-16   0.4409335815076055E+01           200             3  -0.30250243E+02
 -0.4257955612657426E+02  -0.7347566860136699E-18   0.4432966053169144E+01           200             3  -0.31934003E+02
 -0.4300535168784000E+02  -0.1258000354412266E-16   0.4456707435592650E+01           200             3  -0.30188812E+02
 -0.4343540520471841E+02  -0.2638260407534029E-17   0.4480560540821241E+01           200             3  -0.31588459E+02
 -0.4386975925676559E+02  -0.5484144263796128E-17   0.4504525950189189E+01           200             3  -0.30197907E+02
 -0.4430845684933325E+02  -0.4471186267118504E-17   0.4528604247904008E+01           200             3  -0.30305140E+02
 -0.4475154141782658E+02  -0.1593702826107570E-15   0.4552796021060161E+01           200             3  -0.29780796E+02
 -0.4519905683200485E+02   0.1966502474826126E-15   0.4577101859652844E+01           200             3  -0.29831657E+02
 -0.4565104740032490E+02   0.3951340792394293E-16   0.4601522356591849E+01           200             3  -0.30804957E+02
 -0.4610755787432815E+02  -0.4080173969550421E-17   0.4626058107715496E+01           200             3  -0.30489474E+02
 -0.4656863345307143E+02   0.4884382649010049E-15   0.4650709711804636E+01           200             3  -0.29211429E+02
 -0.4703431978760215E+02   0.7060860695743641E-15   0.4675477770596743E+01           200             3  -0.29050350E+02
 -0.4750466298547817E+02   0.3416217803211349E-15   0.4700362888800067E+01           196             3  -0.29674340E+02
 -0.4797970961533295E+02   0.9420767578712349E-16   0.4725365674107874E+01           196             3  -0.29705772E+02
 -0.4845950671148628E+02  -0.4615011395358610E-15   0.4750486737212759E+01           196             3  -0.29387181E+02
 -0.4894410177860114E+02   0.6561510495124533E-17   0.4775726691821024E+01           196             3  -0.30436403E+02
 -0.4943354279638715E+02  -0.2672486892596722E-15   0.4801086154667166E+01           196             3  -0.29426750E+02
 -0.4992787822435103E+02   0.8765500995765486E-16   0.4826565745528397E+01           196             3  -0.29355337E+02
 -0.5042715700659453E+02  -0.3542956509812543E-17   0.4852166087239283E+01           196             3  -0.30784820E+02
 -0.5093142857666048E+02  -0.5309087409409085E-18   0.4877887805706443E+01           196             3  -0.30741350E+02
 -0.5144074286242709E+02   0.1697097845975285E-16   0.4903731529923327E+01           192             3  -0.29667558E+02
 -0.5195515029105136E+02   0.9888214422319378E-18   0.4929697891985073E+01           192             3  -0.32301291E+02
 -0.5247470179396188E+02  -0.2868423824545850E-17   0.4955787527103451E+01           192             3  -0.31051643E+02
 -0.5299944881190149E+02   0.5380700144807850E-19   0.4982001073621882E+01           192             3  -0.35013650E+02
 -0.5352944330002051E+02  -0.1452304036345646E-16   0.5008339173030539E+01           192             3  -0.29556329E+02
 -0.5406473773302071E+02   0.3771834359999829E-17   0.5034802469981523E+01           192             3  -0.30741951E+02
 -0.5460538511035092E+02   0.2232781999246218E-17   0.5061391612304137E+01           192             3  -0.30219462E+02
 -0.5515143896145443E+02  -0.8037403768286663E-17   0.5088107251020221E+01           192             3  -0.29706390E+02
 -0.5570295335106898E+02  -0.2706083859623324E-17   0.5114950040359584E+01           188             3  -0.30480333E+02
 -0.5625998288457967E+02   0.1616448773386322E-15   0.5141920637775514E+01           188             3  -0.30809257E+02
 -0.5682258271342547E+02   0.2758651446853202E-15   0.5169019703960370E+01           188             3  -0.29445064E+02
 -0.5739080854055972E+02   0.3733831595945684E-15   0.5196247902861256E+01           188             3  -0.30059659E+02
 -0.5796471662596532E+02   0.5098454106013888E-17   0.5223605901695793E+01           188             3  -0.30377834E+02
 -0.5854436379222498E+02   0.7413045541812478E-16   0.5251094370967948E+01           188             3  -0.29711092E+02
 -0.5912980743014723E+02  -0.3941975156802348E-15   0.5278713984483976E+01           188             3  -0.29587813E+02
 -0.5972110550444870E+02  -0.3902630120167866E-17   0.5306465419368433E+01           188             3  -0.30547768E+02
 -0.6031831655949319E+02  -0.9141330592621001E-16   0.5334349356080272E+01           184             3  -0.29365816E+02
 -0.6092149972508813E+02   0.1247960890807725E-18   0.5362366478429040E+01           184             3  -0.32242366E+02
 -0.6153071472233901E+02   0.2315079545150321E-18   0.5390517473591137E+01           184             3  -0.32841674E+02
 -0.6214602186956240E+02   0.1597919117845302E-15   0.5418803032126192E+01           184             3  -0.29912086E+02
 -0.6276748208825802E+02  -0.4531702858354361E-15   0.5447223847993499E+01           184             3  -0.28965423E+02
 -0.6339515690914060E+02   0.1061416744800038E-16   0.5475780618568562E+01           184             3  -0.29305175E+02
 -0.6402910847823200E+02  -0.2128504313324383E-24   0.5504474044659712E+01           184             3  -0.29330691E+02
 -0.6466939956301432E+02  -0.2682574136329994E-17   0.5533304830524825E+01           184             3  -0.29987121E+02
 -0.6531609355864447E+02   0.1183001924202999E-18   0.5562273683888119E+01           180             3  -0.32890324E+02
 -0.6596925449423091E+02   0.7688528426037954E-20   0.5591381315957047E+01           180             3  -0.36523230E+02
 -0.6662894703917323E+02   0.1192465492687788E-15   0.5620628441439283E+01           180             3  -0.29050773E+02
 -0.6729523650956496E+02  -0.1158189287906540E-15   0.5650015778559787E+01           180             3  -0.28698485E+02
 -0.6796818887466061E+02   0.3200153847063743E-15   0.5679544049077974E+01           180             3  -0.28802650E+02
 -0.6864787076340721E+02  -0.5308515132095113E-23   0.5709213978304955E+01           180             3  -0.28741166E+02
 -0.6933434947104128E+02   0.3566997894843539E-17   0.5739026295120908E+01           180             3  -0.30023405E+02
 -0.7002769296575170E+02  -0.7978741032161741E-17   0.5768981731992486E+01           180             3  -0.29659421E+02
 -0.7072796989540922E+02  -0.1184569379496654E-18   0.5799081024990370E+01           176             3  -0.34093083E+02
 -0.7143524959436331E+02   0.7273352595270173E-17   0.5829324913806881E+01           176             3  -0.29405708E+02
 -0.7214960209030694E+02  -0.3885736441464478E-17   0.5859714141773701E+01           176             3  -0.29103048E+02
 -0.7287109811121002E+02  -0.3340736453385381E-17   0.5890249455879685E+01           176             3  -0.30135258E+02
 -0.7359980909232212E+02   0.1394314576580577E-15   0.5920931606788762E+01           176             3  -0.30095385E+02
 -0.7433580718324534E+02  -0.5790585006354580E-18   0.5951761348857941E+01           176             3  -0.30328370E+02
 -0.7507916525507780E+02  -0.2354536829000332E-17   0.5982739440155406E+01           176             3  -0.30338892E+02
 -0.7582995690762857E+02  -0.1260249137803927E-17   0.6013866642478702E+01           176             3  -0.31097646E+02
 -0.7658825647670486E+02   0.1016123446508518E-15   0.6045143721373028E+01           172             3  -0.29294810E+02
 -0.7735413904147191E+02  -0.7990289209512012E-17   0.6076571446149620E+01           172             3  -0.29764899E+02
 -0.7812768043188663E+02   0.1005655742144101E-16   0.6108150589904234E+01           172             3  -0.29471375E+02
 -0.7890895723620550E+02  -0.8161440841287318E-17   0.6139881929535724E+01           172             3  -0.27947242E+02
 -0.7969804680856755E+02  -0.9445906263794153E-17   0.6171766245764712E+01           172             3  -0.29359928E+02
 -0.8049502727665323E+02   0.1078231123820623E-15   0.6203804323152384E+01           172             3  -0.30079543E+02
 -0.8129997754941976E+02   0.2784017821022133E-15   0.6235996950119343E+01           172             3  -0.28547103E+02
 -0.8211297732491397E+02   0.5250257032784805E-17   0.6268344918964594E+01           172             3  -0.29302349E+02
 -0.8293410709816311E+02   0.5879952249963974E-17   0.6300849025884617E+01           168             3  -0.29943241E+02
 -0.8376344816914474E+02  -0.3665940503871502E-17   0.6333510070992544E+01           168             3  -0.29656938E+02
 -0.8460108265083619E+02   0.2325987173602295E-16   0.6366328858337431E+01           168             3  -0.28697544E+02
 -0.8544709347734455E+02   0.4168706841675833E-23   0.6399306195923630E+01           168             3  -0.28754270E+02
 -0.8630156441211800E+02  -0.2903369711497984E-17   0.6432442895730285E+01           168             3  -0.30309638E+02
 -0.8716458005623917E+02   0.6926814893466522E-15   0.6465739773730897E+01           168             3  -0.28135999E+02
 -0.8803622585680156E+02   0.1355791679728811E-16   0.6499197649913011E+01           168             3  -0.28887144E+02
 -0.8891658811536958E+02  -0.4741253922199701E-17   0.6532817348298011E+01           168             3  -0.28787972E+02
 -0.8980575399652328E+02   0.9764950663071451E-19   0.6566599696961006E+01           164             3  -0.33384407E+02
 -0.9070381153648852E+02   0.6617865571123057E-17   0.6600545528050821E+01           164             3  -0.29576302E+02
 -0.9161084965185340E+02   0.1179553093763558E-16   0.6634655677810105E+01           164             3  -0.28514123E+02
 -0.9252695814837193E+02  -0.8347936514650167E-18   0.6668930986595532E+01           164             3  -0.30682639E+02
 -0.9345222772985565E+02  -0.1430829028382521E-17   0.6703372298898115E+01           164             3  -0.30410886E+02
 -0.9438675000715421E+02   0.1647072618419505E-16   0.6737980463363622E+01           164             3  -0.28876121E+02
 -0.9533061750722575E+02  -0.5952167049571445E-17   0.6772756332813099E+01           164             3  -0.28857773E+02
 -0.9628392368229801E+02   0.1631323879045280E-16   0.6807700764263505E+01           164             3  -0.28589456E+02
 -0.9724676291912100E+02   0.4018316833803794E-17   0.6842814618948445E+01           160             3  -0.29087984E+02
 -0.9821923054831221E+02  -0.8580701304184553E-17   0.6878098762339025E+01           160             3  -0.29523274E+02
 -0.9920142285379534E+02   0.1619243860437585E-17   0.6913554064164803E+01           160             3  -0.30168078E+02
 -0.1001934370823333E+03  -0.2528851152915661E-17   0.6949181398434856E+01           160             3  -0.30226157E+02
 -0.1011953714531566E+03  -0.5727783383171810E-15   0.6984981643458958E+01           160             3  -0.28770256E+02
 -0.1022073251676882E+03   0.5341814378780276E-17   0.7020955681868859E+01           160             3  -0.29036673E+02
 -0.1032293984193651E+03   0.2187811752680553E-17   0.7057104400639687E+01           160             3  -0.30574768E+02
 -0.1042616924035587E+03  -0.1462612542229978E-16   0.7093428691111457E+01           160             3  -0.28625565E+02
 -0.1053043093275943E+03   0.1931744840986432E-15   0.7129929449010683E+01           156             3  -0.28535514E+02
 -0.1063573524208703E+03   0.3490134013358293E-17   0.7166607574472120E+01           156             3  -0.29802308E+02
 -0.1074209259450790E+03  -0.2713307107951551E-15   0.7203463972060600E+01           156             3  -0.28862225E+02
 -0.1084951352045298E+03  -0.4182469397581279E-17   0.7240499550792991E+01           156             3  -0.28754421E+02
 -0.1095800865565751E+03  -0.3124318768980820E-17   0.7277715224160280E+01           156             3  -0.28944490E+02
 -0.1106758874221408E+03   0.6369919414151795E-15   0.7315111910149744E+01           156             3  -0.28096109E+02
 -0.1117826462963622E+03  -0.1729620366498935E-16   0.7352690531267264E+01           156             3  -0.27958879E+02
 -0.1129004727593259E+03   0.4593237146759743E-18   0.7390452014559735E+01           156             3  -0.31806455E+02
 -0.1140294774869191E+03   0.3539549823297084E-17   0.7428397291637603E+01           152             3  -0.29702406E+02
 -0.1151697722617883E+03   0.4816667081354533E-15   0.7466527298697518E+01           152             3  -0.28132248E+02
 -0.1163214699844062E+03   0.2377135470762650E-22   0.7504842976545089E+01           152             3  -0.28818255E+02
 -0.1174846846842502E+03  -0.3199745829608471E-18   0.7543345270617786E+01           152             3  -0.31810944E+02
 -0.1186595315310927E+03   0.1784936098259077E-17   0.7582035131007929E+01           152             3  -0.29492010E+02
 -0.1198461268464037E+03   0.3206616404757585E-23   0.7620913512485818E+01           152             3  -0.29155845E+02
 -0.1210445881148677E+03  -0.6673515046330221E-15   0.7659981374522972E+01           152             3  -0.28336604E+02
 -0.1222550339960164E+03   0.5950396407170053E-17   0.7699239681315488E+01           152             3  -0.28489329E+02
 -0.1234775843359765E+03   0.7796261136805908E-17   0.7738689401807527E+01           148             3  -0.28934150E+02
 -0.1247123601793363E+03   0.2772473481444713E-22   0.7778331509714919E+01           148             3  -0.27983395E+02
 -0.1259594837811297E+03  -0.1179954115728758E-15   0.7818166983548878E+01           148             3  -0.28062669E+02
 -0.1272190786189410E+03   0.6788907329773811E-23   0.7858196806639858E+01           148             3  -0.27883836E+02
 -0.1284912694051304E+03  -0.1601317048532521E-17   0.7898421967161520E+01           148             3  -0.29953432E+02
 -0.1297761820991817E+03  -0.1767678264529003E-18   0.7938843458154825E+01           148             3  -0.32181008E+02
 -0.1310739439201735E+03   0.2996510636009990E-15   0.7979462277552248E+01           148             3  -0.28341503E+02
 -0.1323846833593752E+03  -0.2675176772013086E-15   0.8020279428202127E+01           148             3  -0.27660670E+02
 -0.1337085301929690E+03  -0.1051396791928454E-16   0.8061295917893116E+01           148             3  -0.27664454E+02
 -0.1350456154948987E+03  -0.1064295218827047E-16   0.8102512759378797E+01           144             3  -0.27976476E+02
 -0.1363960716498477E+03   0.3206522716344395E-15   0.8143930970402376E+01           144             3  -0.28086275E+02
 -0.1377600323663462E+03  -0.1498254945842386E-16   0.8185551573721551E+01           144             3  -0.28223733E+02
 -0.1391376326900096E+03   0.5835049774245176E-17   0.8227375597133467E+01           144             3  -0.28058604E+02
 -0.1405290090169097E+03  -0.1745163258283266E-16   0.8269404073499821E+01           144             3  -0.28017804E+02
 -0.1419342991070788E+03   0.3905152062071146E-15   0.8311638040772099E+01           144             3  -0.27419840E+02
 -0.1433536420981496E+03   0.1134607150063066E-15   0.8354078542016936E+01           144             3  -0.27679132E+02
 -0.1447871785191311E+03   0.6731968532029455E-17   0.8396726625441584E+01           144             3  -0.28513548E+02
 -0.1462350503043224E+03  -0.6666037736093746E-15   0.8439583344419558E+01           140             3  -0.27843895E+02
 -0.1476974008073657E+03   0.8784435978271444E-17   0.8482649757516370E+01           140             3  -0.27993633E+02
 -0.1491743748154393E+03  -0.3033137797020629E-16   0.8525926928515418E+01           140             3  -0.27252565E+02
 -0.1506661185635937E+03   0.2357394099463117E-17   0.8569415926443991E+01           140             3  -0.29120364E+02
 -0.1521727797492297E+03   0.9408692454451570E-15   0.8613117825599435E+01           140             3  -0.27154917E+02
 -0.1536945075467220E+03   0.1457768551845704E-16   0.8657033705575408E+01           140             3  -0.28325555E+02
 -0.1552314526221892E+03  -0.2268920595408827E-17   0.8701164651288323E+01           140             3  -0.27897575E+02
 -0.1567837671484111E+03  -0.8216510555066957E-16   0.8745511753003875E+01           140             3  -0.27001294E+02
 -0.1583516048198952E+03  -0.5183461736360143E-17   0.8790076106363742E+01           140             3  -0.28925080E+02
 -0.1599351208680942E+03   0.3781838519482383E-15   0.8834858812412394E+01           136             3  -0.28508801E+02
 -0.1615344720767751E+03   0.3873207290660027E-17   0.8879860977624062E+01           136             3  -0.29257907E+02
 -0.1631498167975429E+03   0.2429433399986454E-14   0.8925083713929832E+01           136             3  -0.26598534E+02
 -0.1647813149655183E+03  -0.1152903476542888E-14   0.8970528138744866E+01           136             3  -0.27390319E+02
 -0.1664291281151735E+03  -0.1022475375367328E-14   0.9016195374995799E+01           136             3  -0.26972728E+02
 -0.1680934193963252E+03   0.5886251562019446E-17   0.9062086551148226E+01           136             3  -0.28312462E+02
 -0.1697743535902885E+03  -0.6161973351029183E-17   0.9108202801234373E+01           136             3  -0.29022297E+02
 -0.1714720971261913E+03  -0.4358937171150144E-15   0.9154545264880877E+01           136             3  -0.27047584E+02
 -0.1731868180974533E+03   0.6222088480615744E-17   0.9201115087336721E+01           136             3  -0.27842618E+02
 -0.1749186862784278E+03   0.1075367681428002E-16   0.9247913419501323E+01           132             3  -0.27850684E+02
 -0.1766678731412121E+03   0.2355877121814951E-16   0.9294941417952739E+01           132             3  -0.27350166E+02
 -0.1784345518726242E+03  -0.4001531219105654E-23   0.9342200244976031E+01           132             3  -0.26918888E+02
 -0.1802188973913505E+03   0.7026988540447074E-15   0.9389691068591780E+01           132             3  -0.26799970E+02
 -0.1820210863652640E+03   0.1945515750550254E-16   0.9437415062584719E+01           132             3  -0.27339339E+02
 -0.1838412972289166E+03  -0.8312872122419450E-17   0.9485373406532556E+01           132             3  -0.28648498E+02
 -0.1856797102012058E+03   0.2021387170433357E-16   0.9533567285834891E+01           132             3  -0.27567782E+02
 -0.1875365073032178E+03  -0.1332302955578101E-16   0.9581997891742315E+01           132             3  -0.27273842E+02
 -0.1894118723762500E+03   0.1498826759254391E-14   0.9630666421385657E+01           132             3  -0.26961177E+02
 -0.1913059911000125E+03  -0.1013578318609396E-16   0.9679574077805349E+01           128             3  -0.28953229E+02
 -0.1932190510110126E+03   0.6840392124001338E-15   0.9728722069980979E+01           128             3  -0.26890627E+02
 -0.1951512415211228E+03   0.1242213593503537E-16   0.9778111612860958E+01           128             3  -0.27699377E+02
 -0.1971027539363340E+03  -0.9598735697504429E-17   0.9827743927392369E+01           128             3  -0.26789949E+02
 -0.1990737814756973E+03  -0.1224404013293507E-17   0.9877620240550947E+01           128             3  -0.28202605E+02
 -0.2010645192904543E+03  -0.1202918195419080E-16   0.9927741785371204E+01           128             3  -0.26957954E+02
 -0.2030751644833589E+03   0.6941064035791664E-17   0.9978109800976732E+01           128             3  -0.28295557E+02
 -0.2051059161281925E+03   0.8954904167138412E-17   0.1002872553261065E+02           128             3  -0.27128740E+02
 -0.2071569752894744E+03   0.2614900893024605E-22   0.1007959023166618E+02           128             3  -0.26799357E+02
 -0.2092285450423691E+03   0.2189817072342283E-17   0.1013070515571741E+02           124             3  -0.27868380E+02
 -0.2113208304927928E+03   0.2266233648936378E-15   0.1018207156855022E+02           124             3  -0.26469866E+02
 -0.2134340387977207E+03   0.8081494175486668E-15   0.1023369074019330E+02           124             3  -0.26298485E+02
 -0.2155683791856979E+03  -0.3256037845035931E-17   0.1028556394694942E+02           124             3  -0.27577496E+02
 -0.2177240629775549E+03   0.9903245737634129E-16   0.1033769247142676E+02           124             3  -0.26674537E+02
 -0.2199013036073305E+03  -0.1996753666153126E-16   0.1039007760257048E+02           124             3  -0.27139547E+02
 -0.2221003166434038E+03  -0.5938913858754133E-15   0.1044272063569440E+02           124             3  -0.26706869E+02
 -0.2243213198098378E+03  -0.3952077662573335E-17   0.1049562287251287E+02           124             3  -0.27647056E+02
 -0.2265645330079362E+03  -0.3348346769847871E-19   0.1054878562117276E+02           124             3  -0.32225219E+02
 -0.2288301783380155E+03   0.3991483630526679E-15   0.1060221019628566E+02           120             3  -0.27043332E+02
 -0.2311184801213957E+03  -0.4419561419832477E-15   0.1065589791896022E+02           120             3  -0.26630588E+02
 -0.2334296649226096E+03  -0.1302255637564630E-14   0.1070985011683462E+02           120             3  -0.25998983E+02
 -0.2357639615718358E+03  -0.1003735722149762E-14   0.1076406812410927E+02           120             3  -0.26405281E+02
 -0.2381216011875541E+03  -0.8062234106524375E-17   0.1081855328157965E+02           120             3  -0.27573315E+02
 -0.2405028171994297E+03  -0.1672063535213355E-15   0.1087330693666927E+02           120             3  -0.26684973E+02
 -0.2429078453714240E+03  -0.1329283801454433E-16   0.1092833044346285E+02           120             3  -0.27415747E+02
 -0.2453369238251382E+03  -0.1827854397036410E-17   0.1098362516273966E+02           120             3  -0.29341133E+02
 -0.2477902930633896E+03   0.1078675061569614E-14   0.1103919246200699E+02           120             3  -0.26443322E+02
 -0.2502681959940235E+03   0.1139470909440497E-16   0.1109503371553387E+02           120             3  -0.27106854E+02
 -0.2527708779539637E+03  -0.3398744142833934E-16   0.1115115030438483E+02           116             3  -0.26696269E+02
 -0.2552985867335034E+03   0.1366013665914709E-16   0.1120754361645396E+02           116             3  -0.27098529E+02
 -0.2578515726008384E+03   0.1476697178824021E-17   0.1126421504649910E+02           116             3  -0.28985905E+02
 -0.2604300883268468E+03   0.1682086742289412E-14   0.1132116599617612E+02           116             3  -0.25969489E+02
 -0.2630343892101153E+03  -0.6737249455720011E-16   0.1137839787407350E+02           116             3  -0.26145064E+02
 -0.2656647331022165E+03   0.3267990746467703E-15   0.1143591209574702E+02           116             3  -0.27229619E+02
 -0.2683213804332386E+03   0.6262744719302379E-15   0.1149371008375461E+02           116             3  -0.26980454E+02
 -0.2710045942375710E+03  -0.5773128780563599E-15   0.1155179326769139E+02           116             3  -0.26886119E+02
 -0.2737146401799467E+03   0.1868256889587039E-15   0.1161016308422493E+02           116             3  -0.27776627E+02
 -0.2764517865817462E+03   0.6473979088302653E-17   0.1166882097713061E+02           116             3  -0.28035482E+02
 -0.2792163044475637E+03  -0.6364739781528328E-15   0.1172776839732720E+02           112             3  -0.26367083E+02
 -0.2820084674920393E+03   0.1036163870948752E-22   0.1178700680291263E+02           112             3  -0.26714967E+02
 -0.2848285521669597E+03   0.9392877218969011E-23   0.1184653765919992E+02           112             3  -0.27487832E+02
 -0.2876768376886293E+03  -0.1409036580774116E-15   0.1190636243875329E+02           112             3  -0.27193717E+02
 -0.2905536060655156E+03  -0.9238159161690690E-15   0.1196648262142446E+02           112             3  -0.25998551E+02
 -0.2934591421261707E+03   0.3143393789940707E-18   0.1202689969438912E+02           112             3  -0.29510524E+02
 -0.2963937335474324E+03   0.1067637696024202E-14   0.1208761515218360E+02           112             3  -0.26031155E+02
 -0.2993576708829067E+03  -0.1174192313783916E-16   0.1214863049674170E+02           112             3  -0.26573804E+02
 -0.3023512475917358E+03   0.1724195095957199E-16   0.1220994723743175E+02           112             3  -0.26141967E+02
 -0.3053747600676532E+03   0.5164875469320215E-17   0.1227156689109378E+02           112             3  -0.28158196E+02
 -0.3084285076683298E+03  -0.9607283962188766E-17   0.1233349098207699E+02           112             3  -0.26583745E+02
 -0.3115127927450130E+03  -0.3580048800545006E-15   0.1239572104227726E+02           108             3  -0.27332772E+02
 -0.3146279206724632E+03   0.1145358764875852E-16   0.1245825861117498E+02           108             3  -0.26611450E+02
 -0.3177741998791878E+03  -0.8873258513230760E-17   0.1252110523587301E+02           108             3  -0.27384922E+02
 -0.3209519418779797E+03   0.2322065144059338E-15   0.1258426247113482E+02           108             3  -0.26814392E+02
 -0.3241614612967595E+03  -0.6578253469338692E-18   0.1264773187942287E+02           108             3  -0.28512226E+02
 -0.3274030759097271E+03  -0.1580603573669073E-16   0.1271151503093713E+02           108             3  -0.26129600E+02
 -0.3306771066688244E+03  -0.6771776172913286E-18   0.1277561350365378E+02           108             3  -0.30312088E+02
 -0.3339838777355126E+03  -0.2339195153888014E-16   0.1284002888336424E+02           108             3  -0.26000313E+02
 -0.3373237165128677E+03   0.2448563735999934E-16   0.1290476276371417E+02           108             3  -0.26346276E+02
 -0.3406969536779964E+03  -0.2003554341692476E-17   0.1296981674624288E+02           108             3  -0.28025635E+02
 -0.3441039232147764E+03   0.2566180239162130E-14   0.1303519244042282E+02           108             3  -0.25477342E+02
 -0.3475449624469242E+03   0.6405589008797807E-15   0.1310089146369928E+02           104             3  -0.26315282E+02
 -0.3510204120713934E+03  -0.2077573314815925E-16   0.1316691544153030E+02           104             3  -0.26394263E+02
 -0.3545306161921073E+03   0.8630709475511577E-15   0.1323326600742680E+02           104             3  -0.26241507E+02
 -0.3580759223540284E+03  -0.1356334638905602E-22   0.1329994480299292E+02           104             3  -0.25878508E+02
 -0.3616566815775687E+03  -0.5533598891725705E-17   0.1336695347796647E+02           104             3  -0.27159612E+02
 -0.3652732483933444E+03  -0.2111521736667275E-17   0.1343429369025968E+02           104             3  -0.28463377E+02
 -0.3689259808772778E+03  -0.1675248387929212E-17   0.1350196710600015E+02           104             3  -0.28390818E+02
 -0.3726152406860506E+03  -0.8429365187355994E-16   0.1356997539957194E+02           104             3  -0.26649107E+02
 -0.3763413930929111E+03  -0.6662393785541011E-17   0.1363832025365691E+02           104             3  -0.26635123E+02
 -0.3801048070238402E+03   0.2583974492269600E-16   0.1370700335927627E+02           104             3  -0.26128447E+02
 -0.3839058550940786E+03   0.1352356083376816E-18   0.1377602641583230E+02           104             3  -0.31299754E+02
 -0.3877449136450194E+03  -0.6235193679189667E-17   0.1384539113115035E+02           100             3  -0.26665659E+02
 -0.3916223627814696E+03  -0.3301331538952347E-15   0.1391509922152097E+02           100             3  -0.26613642E+02
 -0.3955385864092843E+03   0.5954173376412869E-17   0.1398515241174230E+02           100             3  -0.26722764E+02
 -0.3994939722733771E+03   0.1980234013924424E-15   0.1405555243516265E+02           100             3  -0.26296582E+02
 -0.4034889119961109E+03  -0.8153504286790245E-18   0.1412630103372330E+02           100             3  -0.27844010E+02
 -0.4075238011160720E+03   0.1662664580934533E-16   0.1419739995800155E+02           100             3  -0.26536566E+02
 -0.4115990391272327E+03  -0.8948713300520749E-15   0.1426885096725389E+02           100             3  -0.26326523E+02
 -0.4157150295185050E+03  -0.7229397477452455E-15   0.1434065582945949E+02           100             3  -0.25775862E+02
 -0.4198721798136900E+03  -0.1251517499179680E-16   0.1441281632136386E+02           100             3  -0.26501647E+02
 -0.4240709016118269E+03   0.1220357334904239E-16   0.1448533422852271E+02           100             3  -0.26812195E+02
 -0.4283116106279452E+03   0.2266718926121051E-16   0.1455821134534606E+02           100             3  -0.25575418E+02
 -0.4325947267342247E+03  -0.8914190840273319E-17   0.1463144947514258E+02           100             3  -0.27035869E+02
 -0.4369206740015669E+03   0.2413967853138638E-16   0.1470505043016411E+02            96             3  -0.25810997E+02
 -0.4412898807415826E+03  -0.9241873059163945E-17   0.1477901603165043E+02            96             3  -0.26778854E+02
 -0.4457027795489984E+03  -0.1814283529025776E-15   0.1485334810987424E+02            96             3  -0.26520434E+02
 -0.4501598073444884E+03  -0.9235635775735838E-17   0.1492804850418641E+02            96             3  -0.26187683E+02
 -0.4546614054179333E+03  -0.3052883761819887E-16   0.1500311906306136E+02            96             3  -0.26732528E+02
 -0.4592080194721126E+03  -0.3939346699925062E-22   0.1507856164414280E+02            96             3  -0.26092593E+02
 -0.4638000996668337E+03   0.7356312016605010E-16   0.1515437811428954E+02            96             3  -0.28021114E+02
 -0.4684381006635020E+03  -0.2491032843773791E-24   0.1523057034962168E+02            96             3  -0.26070459E+02
 -0.4731224816701371E+03  -0.3199786997815652E-15   0.1530714023556695E+02            96             3  -0.25510952E+02
 -0.4778537064868385E+03  -0.8083393813738654E-17   0.1538408966690725E+02            96             3  -0.27006232E+02
 -0.4826322435517068E+03  -0.2870783834493592E-17   0.1546142054782555E+02            96             3  -0.27470277E+02
 -0.4874585659872239E+03   0.1135634390315998E-14   0.1553913479195285E+02            96             3  -0.25248865E+02
 -0.4923331516470961E+03   0.5221879817082339E-17   0.1561723432241554E+02            96             3  -0.26288945E+02
 -0.4972564831635671E+03   0.1705554993118732E-16   0.1569572107188288E+02            92             3  -0.25852411E+02
 -0.5022290479952028E+03  -0.1700585341838574E-16   0.1577459698261477E+02            92             3  -0.26140632E+02
 -0.5072513384751548E+03  -0.4129364621952704E-15   0.1585386400650976E+02            92             3  -0.25861237E+02
 -0.5123238518599063E+03   0.1781443573272280E-17   0.1593352410515327E+02            92             3  -0.27911334E+02
 -0.5174470903785054E+03  -0.1749315333204786E-14   0.1601357924986608E+02            92             3  -0.24794736E+02
 -0.5226215612822905E+03   0.2535599389730008E-16   0.1609403142175304E+02            92             3  -0.25866493E+02
 -0.5278477768951134E+03  -0.2135078197843868E-16   0.1617488261175205E+02            92             3  -0.25748409E+02
 -0.5331262546640645E+03  -0.1720033201090412E-14   0.1625613482068322E+02            92             3  -0.24155016E+02
 -0.5384575172107052E+03   0.1319323029207882E-16   0.1633779005929843E+02            92             3  -0.25796048E+02
 -0.5438420923828122E+03  -0.8160446635041181E-15   0.1641985034833088E+02            92             3  -0.24821163E+02
 -0.5492805133066404E+03   0.4824295627331014E-16   0.1650231771854516E+02            92             3  -0.24918483E+02
 -0.5547733184397068E+03   0.1644151620134523E-16   0.1658519421078741E+02            92             3  -0.25323218E+02
 -0.5603210516241039E+03   0.3792993740823398E-17   0.1666848187603574E+02            92             3  -0.26027521E+02
 -0.5659242621403449E+03   0.3586239973295104E-16   0.1675218277545095E+02            88             3  -0.25725938E+02
 -0.5715835047617484E+03  -0.4406775138188101E-17   0.1683629898042749E+02            88             3  -0.25829728E+02
 -0.5772993398093658E+03   0.1871218990566208E-17   0.1692083257264465E+02            88             3  -0.27128403E+02
 -0.5830723332074596E+03  -0.2905558192489642E-16   0.1700578564411804E+02            88             3  -0.25060653E+02
 -0.5889030565395342E+03   0.1290061302718419E-14   0.1709116029725129E+02            88             3  -0.24488412E+02
 -0.5947920871049296E+03   0.2042853669126032E-15   0.1717695864488803E+02            88             3  -0.26950526E+02
 -0.6007400079759789E+03   0.1399975449439086E-14   0.1726318281036413E+02            88             3  -0.24807635E+02
 -0.6067474080557387E+03  -0.2631891652645838E-16   0.1734983492756019E+02            88             3  -0.25298276E+02
 -0.6128148821362961E+03   0.3016189764376177E-17   0.1743691714095431E+02            88             3  -0.26671856E+02
 -0.6189430309576591E+03   0.7983613748293984E-17   0.1752443160567509E+02            88             3  -0.26340338E+02
 -0.6251324612672356E+03   0.1570788388583827E-15   0.1761238048755494E+02            88             3  -0.24608706E+02
 -0.6313837858799079E+03  -0.1565406104448920E-14   0.1770076596318361E+02            88             3  -0.24218239E+02
 -0.6376976237387070E+03   0.1383968861486849E-16   0.1778959021996201E+02            88             3  -0.25203110E+02
 -0.6440745999760941E+03   0.1354797945985576E-16   0.1787885545615630E+02            88             3  -0.25088265E+02
 -0.6505153459758550E+03   0.6689731760657165E-17   0.1796856388095227E+02            84             3  -0.26125968E+02
 -0.6570204994356135E+03  -0.3125616149928462E-16   0.1805871771450990E+02            84             3  -0.24598590E+02
 -0.6635907044299696E+03  -0.4923243526386295E-17   0.1814931918801835E+02            84             3  -0.26708601E+02
 -0.6702266114742694E+03   0.1110622967744022E-16   0.1824037054375104E+02            84             3  -0.25428124E+02
 -0.6769288775890120E+03  -0.1055285564347453E-16   0.1833187403512118E+02            84             3  -0.25843661E+02
 -0.6836981663649021E+03  -0.1011805731646669E-14   0.1842383192673744E+02            84             3  -0.24404424E+02
 -0.6905351480285511E+03   0.9337413842255699E-18   0.1851624649445995E+02            84             3  -0.27615826E+02
 -0.6974404995088366E+03   0.6090775462500779E-15   0.1860912002545664E+02            84             3  -0.25538011E+02
 -0.7044149045039250E+03  -0.1032807045412130E-14   0.1870245481825972E+02            84             3  -0.24348126E+02
 -0.7114590535489642E+03   0.7725731101726478E-15   0.1879625318282262E+02            84             3  -0.24308148E+02
 -0.7185736440844539E+03   0.7375383623955786E-15   0.1889051744057699E+02            84             3  -0.24469179E+02
 -0.7257593805252984E+03   0.1403483172863674E-16   0.1898524992449023E+02            84             3  -0.25168321E+02
 -0.7330169743305514E+03  -0.1046932544225504E-16   0.1908045297912315E+02            84             3  -0.25276323E+02
 -0.7403471440738570E+03   0.3462205696503436E-16   0.1917612896068791E+02            84             3  -0.24898954E+02
 -0.7477506155145956E+03  -0.6553374105815242E-17   0.1927228023710637E+02            84             3  -0.25840077E+02
 -0.7552281216697415E+03  -0.2576504428001474E-14   0.1936890918806858E+02            84             3  -0.23680205E+02
 -0.7627804028864390E+03  -0.2185128335697560E-14   0.1946601820509169E+02            80             3  -0.24524068E+02
 -0.7704082069153034E+03  -0.4335205756164430E-17   0.1956360969157910E+02            80             3  -0.26217807E+02
 -0.7781122889844564E+03   0.2061947518980276E-14   0.1966168606287986E+02            80             3  -0.24141139E+02
 -0.7858934118743010E+03  -0.1146065563392781E-14   0.1976024974634845E+02            80             3  -0.24856694E+02
 -0.7937523459930441E+03  -0.1276738830714433E-16   0.1985930318140483E+02            80             3  -0.25910534E+02
 -0.8016898694529746E+03  -0.6629796876906516E-17   0.1995884881959471E+02            80             3  -0.26453650E+02
