 $IN
 LR      =  0.000000000000000E+000,
 LI      = -0.515786271031614     ,
 NU      =  5.000000000000000E-002,
 FAL     =  0.990000000000000     ,
 DLR     =  1.000000000000000E-008,
 DLI     =  1.000000000000000E-008,
 ALPHA   = -0.343451209373083     ,
 NMAX    =          50,
 NMIN    =           3,
 AMAX    =  1.000000000000000E+040,
 EPS     =  9.999999999999999E-021,
 FTOL    =  1.000000000000000E-005,
 ITMAX   =       10000,
 IALMAX  =       10000,
 IW      =           1
 $END
 wr =   0.000000000000000E+000
 wi =  -0.515786271031614     
 alpha                    wr                       wi                       nmax          nmin          funk           
 -0.3434512093730835E+00  -0.4815265875450442-119  -0.5157862710316121E+00           200             8  -0.27631165E+03
 -0.3434166931075779E+00  -0.7305124681939561E-17  -0.5158287307906100E+00           200             8  -0.36047638E+02
 -0.3399825261765022E+00   0.4972505806545072-119  -0.5200698540705684E+00           200             8  -0.27631512E+03
 -0.3365827009147371E+00  -0.5149869094150226-119  -0.5243013963133076E+00           200             8  -0.27631521E+03
 -0.3332168739055897E+00   0.5331215397201091-119  -0.5285233993009095E+00           200             8  -0.27631561E+03
 -0.3298847051665338E+00   0.3328976551691846E-15  -0.5327359045841165E+00           200             8  -0.36016135E+02
 -0.3265858581148685E+00  -0.6340182773216250E-16  -0.5369389534838076E+00           200             8  -0.35359507E+02
 -0.3233199995337198E+00  -0.5916898262377224-119  -0.5411325870923531E+00           200             8  -0.27631571E+03
 -0.3200867995383826E+00  -0.1254389464090325E-15  -0.5453168462750841E+00           200             9  -0.36040617E+02
 -0.3168859315429988E+00  -0.6868260740246608-119  -0.5494917716716159E+00           200             9  -0.27630854E+03
 -0.3137170722275688E+00   0.2661480310778349E-15  -0.5536574036973028E+00           200             9  -0.36032154E+02
 -0.3105799015052931E+00   0.7370287204086328-119  -0.5578137825445719E+00           200             9  -0.27631058E+03
 -0.3074741024902402E+00  -0.7629871745682622-119  -0.5619609481843071E+00           200             9  -0.27631209E+03
 -0.3043993614653377E+00  -0.1503051975624737E-15  -0.5660989403672194E+00           200             9  -0.36045507E+02
 -0.3013553678506843E+00   0.4402257706427200E-15  -0.5702277986251887E+00           200             9  -0.34948280E+02
 -0.2983418141721775E+00   0.8455729267299322-119  -0.5743475622726180E+00           200             9  -0.27631701E+03
 -0.2953583960304557E+00   0.8749440131765306-119  -0.5784582704077350E+00           200             9  -0.27631855E+03
 -0.2924048120701512E+00   0.9078853224684638-119  -0.5825599619139863E+00           200             9  -0.27631716E+03
 -0.2894807639494497E+00   0.9375379953426715-119  -0.5866526754612913E+00           200             9  -0.27632049E+03
 -0.2865859563099551E+00  -0.1048370494302273-118  -0.5907364495073850E+00           200            10  -0.27630907E+03
 -0.2837200967468556E+00   0.1087064065696732-118  -0.5948113222991149E+00           200            10  -0.27630997E+03
 -0.2808828957793871E+00  -0.1125616333778689-118  -0.5988773318737546E+00           200            10  -0.27631215E+03
 -0.2780740668215932E+00   0.1167596309057240-118  -0.6029345160602246E+00           200            10  -0.27631247E+03
 -0.2752933261533773E+00  -0.1208619379311389-118  -0.6069829124804673E+00           200            10  -0.27631476E+03
 -0.2725403928918435E+00   0.1255402848100150-118  -0.6110225585506415E+00           200            10  -0.27631351E+03
 -0.2698149889629251E+00  -0.3812041220863614E-16  -0.6150534914824199E+00           200            10  -0.36049930E+02
 -0.2671168390732958E+00   0.1348707049593963-118  -0.6190757482842095E+00           200            10  -0.27631496E+03
 -0.2644456706825629E+00  -0.1394914309472642-118  -0.6230893657624581E+00           200            10  -0.27631769E+03
 -0.2618012139757372E+00  -0.1447749571175240-118  -0.6270943805228433E+00           200            10  -0.27631684E+03
 -0.2591832018359799E+00  -0.1498295375179273-118  -0.6310908289715078E+00           200            10  -0.27631875E+03
 -0.2565913698176201E+00  -0.1926036004672457E-14  -0.6350787473163061E+00           200            11  -0.35923853E+02
 -0.2540254561194439E+00  -0.1726879076040714-118  -0.6390581715679642E+00           200            11  -0.27630994E+03
 -0.2514852015582494E+00   0.1790621796717056-118  -0.6430291375413910E+00           200            11  -0.27631138E+03
 -0.2489703495426669E+00  -0.1860260383963186-118  -0.6469916808567779E+00           200            11  -0.27631081E+03
 -0.2464806460472403E+00  -0.4063260403844176E-14  -0.6509458369408354E+00           200            11  -0.35725784E+02
 -0.2440158395867679E+00   0.3297980416230913E-15  -0.6548916410279428E+00           200            11  -0.35354816E+02
 -0.2415756811909002E+00   0.9155332204602372E-15  -0.6588291281614005E+00           200            11  -0.36030047E+02
 -0.2391599243789912E+00   0.2153170782518336-118  -0.6627583331945246E+00           200            11  -0.27631396E+03
 -0.2367683251352013E+00  -0.2228745893573930-118  -0.6666792907918384E+00           200            11  -0.27631657E+03
 -0.2344006418838493E+00  -0.2316152999833907-118  -0.6705920354302370E+00           200            11  -0.27631511E+03
 -0.2320566354650108E+00  -0.2395113030291998-118  -0.6744966014000999E+00           200            11  -0.27631852E+03
 -0.2297360691103607E+00  -0.1653292359601000E-14  -0.6783930228064990E+00           200            12  -0.37310986E+02
 -0.2274387084192570E+00  -0.2744785325093620-118  -0.6822813335702114E+00           200            12  -0.27631128E+03
 -0.2251643213350644E+00   0.2856664983418739-118  -0.6861615674289969E+00           200            12  -0.27630961E+03
 -0.2229126781217138E+00  -0.2970412056145432-118  -0.6900337579386253E+00           200            12  -0.27630875E+03
 -0.2206835513404967E+00   0.3077492941406063-118  -0.6938979384739530E+00           200            12  -0.27631144E+03
 -0.2184767158270917E+00  -0.3190306373887901-118  -0.6977541422301654E+00           200            12  -0.27631344E+03
 -0.2162919486688208E+00  -0.1878258612653346E-14  -0.7016024022237061E+00           200            12  -0.37412286E+02
 -0.2141290291821326E+00  -0.3439541537414980-118  -0.7054427512934611E+00           200            12  -0.27631397E+03
 -0.2119877388903112E+00   0.3562476800288538-118  -0.7092752221018896E+00           200            12  -0.27631660E+03
 -0.2098678615014081E+00   0.3705045058796254-118  -0.7130998471359682E+00           200            12  -0.27631502E+03
 -0.2077691828863940E+00   0.3845827657741855-118  -0.7169166587084055E+00           200            12  -0.27631529E+03
 -0.2056914910575301E+00   0.3987208414519002-118  -0.7207256889585536E+00           200            12  -0.27631667E+03
 -0.2036345761469548E+00   0.4382767110009533-118  -0.7245269698535977E+00           200            13  -0.27630954E+03
 -0.2015982303854852E+00  -0.4562815382264009-118  -0.7283205331895330E+00           200            13  -0.27630812E+03
 -0.1995822480816304E+00  -0.4736992281408169-118  -0.7321064105922286E+00           200            13  -0.27630941E+03
 -0.1975864256008140E+00  -0.4920376061944612-118  -0.7358846335184868E+00           200            13  -0.27631009E+03
 -0.1956105613448059E+00   0.7774876618483093E-15  -0.7396552332569865E+00           200            13  -0.38724898E+02
 -0.1936544557313578E+00   0.5305357915944829-118  -0.7434182409294179E+00           200            13  -0.27631184E+03
 -0.1917179111740443E+00   0.5504989471190096-118  -0.7471736874914499E+00           200            13  -0.27631331E+03
 -0.1898007320623038E+00  -0.7045009070566866E-15  -0.7509216037336744E+00           200            13  -0.38938708E+02
 -0.1879027247416808E+00  -0.5925159843329336-118  -0.7546620202827261E+00           200            13  -0.27631633E+03
 -0.1860236974942640E+00   0.6155217202766376-118  -0.7583949676022350E+00           200            13  -0.27631640E+03
 -0.1841634605193213E+00  -0.6398176664603042-118  -0.7621204759937976E+00           200            13  -0.27631576E+03
 -0.1823218259141281E+00   0.6656923829815809-118  -0.7658385755979500E+00           200            13  -0.27631412E+03
 -0.1804986076549868E+00   0.7284048945363541-118  -0.7695492963951220E+00           200            14  -0.27630824E+03
 -0.1786936215784370E+00   0.3444852290246362E-14  -0.7732526682067686E+00           200            14  -0.36023723E+02
 -0.1769066853626526E+00   0.7861053779685271-118  -0.7769487206961994E+00           200            14  -0.27631046E+03
 -0.1751376185090261E+00  -0.8163696937004236-118  -0.7806374833693934E+00           200            14  -0.27631179E+03
 -0.1733862423239358E+00  -0.8496294737245186-118  -0.7843189855764314E+00           200            14  -0.27631088E+03
 -0.1716523799006965E+00   0.8818849861878866-118  -0.7879932565117964E+00           200            14  -0.27631256E+03
 -0.1699358561016895E+00  -0.9192202795978387-118  -0.7916603252158998E+00           200            14  -0.27630996E+03
 -0.1682364975406726E+00  -0.9512678358951620-118  -0.7953202205755125E+00           200            14  -0.27631447E+03
 -0.1665541325652659E+00   0.5266465405942939E-15  -0.7989729713253065E+00           200            14  -0.39778177E+02
 -0.1648885912396132E+00   0.1025898739266130-117  -0.8026186060480296E+00           200            14  -0.27631627E+03
 -0.1632397053272171E+00   0.1065335086333100-117  -0.8062571531760947E+00           200            14  -0.27631710E+03
 -0.1616073082739449E+00  -0.1109392163868700-117  -0.8098886409920094E+00           200            14  -0.27631504E+03
 -0.1599912351912054E+00   0.1154518873753376-117  -0.8135130976295946E+00           200            14  -0.27631356E+03
 -0.1583913228392934E+00  -0.1257998300929533-117  -0.8171305510748033E+00           200            15  -0.27630974E+03
 -0.1568074096109005E+00   0.1307150276464725-117  -0.8207410291665642E+00           200            15  -0.27631100E+03
 -0.1552393355147914E+00  -0.1359824859273828-117  -0.8243445595974754E+00           200            15  -0.27631100E+03
 -0.1536869421596435E+00   0.1415521403481341-117  -0.8279411699150592E+00           200            15  -0.27631029E+03
 -0.1521500727380471E+00  -0.1468407162910483-117  -0.8315308875227332E+00           200            15  -0.27631296E+03
 -0.1506285720106666E+00   0.1530059687244236-117  -0.8351137396797912E+00           200            15  -0.27631111E+03
 -0.1491222862905599E+00   0.1004385630980015E-14  -0.8386897535034900E+00           200            15  -0.39604972E+02
 -0.1476310634276543E+00   0.1651865125307844-117  -0.8422589559690137E+00           200            15  -0.27631283E+03
 -0.1461547527933778E+00  -0.1129579938888857E-13  -0.8458213739108233E+00           200            15  -0.35345020E+02
 -0.1446932052654440E+00  -0.2437984435484014E-14  -0.8493770340232460E+00           200            15  -0.36047826E+02
 -0.1432462732127895E+00  -0.1855342429377528-117  -0.8529259628611729E+00           200            15  -0.27631358E+03
 -0.1418138104806616E+00  -0.1922384446975253-117  -0.8564681868414799E+00           200            15  -0.27631691E+03
 -0.1403956723758550E+00   0.1997617802399392-117  -0.8600037322433431E+00           200            15  -0.27631727E+03
 -0.1389917156520964E+00  -0.4142042069815993E-13  -0.8635326252087951E+00           200            16  -0.35768689E+02
 -0.1376017984955755E+00  -0.2274916502338532-117  -0.8670548917449181E+00           200            16  -0.27630680E+03
 -0.1362257805106197E+00  -0.9522966192147725E-15  -0.8705705577226676E+00           200            16  -0.40051157E+02
 -0.1348635227055135E+00  -0.2456321483132373-117  -0.8740796488796903E+00           200            16  -0.27630960E+03
 -0.1335148874784584E+00   0.2733497620956064E-13  -0.8775821908191997E+00           200            16  -0.36773488E+02
 -0.1321797386036738E+00   0.2654604047370727-117  -0.8810782090126243E+00           200            16  -0.27631120E+03
 -0.1308579412176371E+00  -0.2761396486927335-117  -0.8845677287989802E+00           200            16  -0.27631127E+03
 -0.1295493618054607E+00  -0.2876998586772187-117  -0.8880507753861437E+00           200            16  -0.27630969E+03
 -0.1282538681874061E+00  -0.3670784930079808E-13  -0.8915273738523195E+00           200            16  -0.35914181E+02
 -0.1269713295055320E+00  -0.3099845282936305-117  -0.8949975491455859E+00           200            16  -0.27631373E+03
 -0.1257016162104767E+00  -0.5024314228178694E-13  -0.8984613260854504E+00           200            16  -0.36401160E+02
 -0.1244446000483719E+00   0.3349690801305006-117  -0.9019187293638251E+00           200            16  -0.27631458E+03
 -0.1232001540478882E+00  -0.3475076603262307-117  -0.9053697835445302E+00           200            16  -0.27631690E+03
 -0.1219681525074093E+00  -0.3616865284016442-117  -0.9088145130655534E+00           200            16  -0.27631591E+03
 -0.1207484709823352E+00   0.3935336363329482-117  -0.9122529422401759E+00           200            17  -0.27630971E+03
 -0.1195409862725119E+00   0.4878377265201402E-13  -0.9156850952543131E+00           200            17  -0.36666112E+02
 -0.1183455764097867E+00  -0.4269942895173416-117  -0.9191109961719168E+00           200            17  -0.27630817E+03
 -0.1171621206456889E+00  -0.3845871033847395E-14  -0.9225306689323928E+00           200            17  -0.39286426E+02
 -0.1159904994392320E+00  -0.4603102968645355-117  -0.9259441373529469E+00           200            17  -0.27631281E+03
 -0.1148305944448397E+00  -0.4794301466520312-117  -0.9293514251289097E+00           200            17  -0.27631190E+03
 -0.1136822885003913E+00  -0.5601737816236213E-13  -0.9327525558333013E+00           200            17  -0.36727109E+02
 -0.1125454656153873E+00  -0.5184296613684334-117  -0.9361475529196179E+00           200            17  -0.27631304E+03
 -0.1114200109592335E+00   0.5403218135232126-117  -0.9395364397213271E+00           200            17  -0.27631126E+03
 -0.1103058108496411E+00  -0.5602150986099590-117  -0.9429192394533308E+00           200            17  -0.27631460E+03
 -0.1092027527411447E+00  -0.3151946857161053E-13  -0.9462959752104622E+00           200            17  -0.37460320E+02
 -0.1081107252137333E+00   0.6048216284933467-117  -0.9496666699716807E+00           200            17  -0.27631679E+03
 -0.1070296179615959E+00   0.6299225260025755-117  -0.9530313465978903E+00           200            17  -0.27631543E+03
 -0.1059593217819800E+00  -0.6535050503131104-117  -0.9563900278345272E+00           200            17  -0.27631791E+03
 -0.1048997285641602E+00   0.1254422444054166E-12  -0.9597427363104045E+00           200            18  -0.34638230E+02
 -0.1038507312785186E+00   0.7394632954545388-117  -0.9630894945413739E+00           200            18  -0.27631099E+03
 -0.1028122239657334E+00   0.7708974605519209-117  -0.9664303249257518E+00           200            18  -0.27630953E+03
 -0.1017841017260761E+00  -0.8033113395044433-117  -0.9697652497516023E+00           200            18  -0.27630844E+03
 -0.1007662607088153E+00   0.8347553501315724-117  -0.9730942911923854E+00           200            18  -0.27631007E+03
 -0.9975859810172716E-01  -0.4071642337804986E-13  -0.9764174713093489E+00           200            18  -0.37599110E+02
 -0.9876101212070988E-01  -0.9015321883462690-117  -0.9797348120526719E+00           200            18  -0.27631298E+03
 -0.9777340199950278E-01   0.9399601561962485-117  -0.9830463352609256E+00           200            18  -0.27631106E+03
 -0.9679566797950775E-01  -0.9766136911587203-117  -0.9863520626646032E+00           200            18  -0.27631257E+03
 -0.9582771129971268E-01  -0.8324905936986986E-16  -0.9896520158821660E+00           200            18  -0.35355750E+02
 -0.9486943418671555E-01   0.1498155351925492E-12  -0.9929462164246832E+00           200            18  -0.36495152E+02
 -0.9392073984484839E-01  -0.1551389539295946E-12  -0.9962346856916706E+00           200            18  -0.36499801E+02
 -0.9298153244639991E-01  -0.1143694176655998-116  -0.9995174449814923E+00           200            18  -0.27631304E+03
 -0.9205171712193591E-01  -0.1184489403287071-116  -0.1002794515478839E+01           200            18  -0.27631743E+03
 -0.9113119995071656E-01  -0.1234209362449361-116  -0.1006065918266087E+01           200            18  -0.27631568E+03
 -0.9021988795120939E-01  -0.1341605849432731-116  -0.1009331674316970E+01           200            19  -0.27630764E+03
 -0.8931768907169729E-01   0.1394963230648569-116  -0.1012591804504746E+01           200            19  -0.27630896E+03
 -0.8842451218098032E-01   0.1449197776348260-116  -0.1015846329591302E+01           200            19  -0.27631107E+03
 -0.8754026705917052E-01   0.1506786722951888-116  -0.1019095270241605E+01           200            19  -0.27631229E+03
 -0.8666486438857882E-01  -0.1572968866866199-116  -0.1022338647012934E+01           200            19  -0.27630943E+03
 -0.8579821574469303E-01  -0.5239197262284197E-12  -0.1025576480359418E+01           200            19  -0.34599053E+02
 -0.8494023358724609E-01  -0.1168328322885165E-12  -0.1028808790639344E+01           200            19  -0.37218026E+02
 -0.8409083125137362E-01  -0.1769045185557543-116  -0.1032035598099102E+01           200            19  -0.27631194E+03
 -0.8324992293885988E-01  -0.1836620743852649-116  -0.1035256922893308E+01           200            19  -0.27631432E+03
 -0.8241742370947128E-01   0.7110305980229177E-13  -0.1038472785074023E+01           200            19  -0.37834240E+02
 -0.8159324947237656E-01   0.1991005348832961-116  -0.1041683204588515E+01           200            19  -0.27631315E+03
 -0.8077731697765279E-01  -0.1022899894944728E-14  -0.1044888201293876E+01           200            19  -0.35356823E+02
 -0.7996954380787627E-01  -0.2153283500205276-116  -0.1048087794940836E+01           200            19  -0.27631409E+03
 -0.7916984836979751E-01  -0.2233645383923168-116  -0.1051282005186350E+01           200            19  -0.27631700E+03
 -0.7837814988609954E-01   0.2428688502851956-116  -0.1054470851588794E+01           200            20  -0.27630637E+03
 -0.7759436838723854E-01  -0.2528619274334334-116  -0.1057654353608839E+01           200            20  -0.27630650E+03
 -0.7681842470336615E-01   0.2624848754161060-116  -0.1060832530609296E+01           200            20  -0.27630954E+03
 -0.7605024045633249E-01  -0.2736653277323074-116  -0.1064005401867860E+01           200            20  -0.27630815E+03
 -0.7528973805176917E-01   0.4240069015530043E-12  -0.1067172986551507E+01           200            20  -0.36441722E+02
 -0.7453684067125148E-01  -0.2952455623823566-116  -0.1070335303741110E+01           200            20  -0.27631272E+03
 -0.7379147226453896E-01  -0.4872759753861728E-12  -0.1073492372425881E+01           200            20  -0.36382982E+02
 -0.7305355754189356E-01  -0.3201244387677853-116  -0.1076644211493423E+01           200            20  -0.27631203E+03
 -0.7232302196647462E-01   0.3332415932608607-116  -0.1079790839747889E+01           200            20  -0.27631189E+03
 -0.7159979174680987E-01   0.3459716916289216-116  -0.1082932275891597E+01           200            20  -0.27631435E+03
 -0.7088379382934178E-01  -0.7533450525453090E-13  -0.1086068538545499E+01           200            20  -0.38409818E+02
 -0.7017495589104836E-01   0.4611547756115373E-16  -0.1089199646226014E+01           200            20  -0.34439795E+02
 -0.6947320633213787E-01  -0.3904398661777475-116  -0.1092325617371444E+01           200            20  -0.27631294E+03
 -0.6877847426881649E-01  -0.4058369154713485-116  -0.1095446470327744E+01           200            20  -0.27631397E+03
 -0.6809068952612832E-01  -0.4217048845283744-116  -0.1098562223341027E+01           200            20  -0.27631527E+03
 -0.6740978263086703E-01  -0.4382819177522807-116  -0.1101672894575087E+01           200            20  -0.27631631E+03
 -0.6673568480455835E-01   0.4742917915184596-116  -0.1104778502109007E+01           200            21  -0.27630974E+03
 -0.6606832795651277E-01   0.4942534609876375-116  -0.1107879063930503E+01           200            21  -0.27630896E+03
 -0.6540764467694764E-01   0.5134881750484615-116  -0.1110974597931850E+01           200            21  -0.27631117E+03
 -0.6475356823017817E-01   0.5358644044477246-116  -0.1114065121931717E+01           200            21  -0.27630884E+03
 -0.6410603254787638E-01  -0.2509983347213593E-12  -0.1117150653656346E+01           200            21  -0.37638689E+02
 -0.6346497222239761E-01  -0.6175765419981558E-13  -0.1120231210739844E+01           200            21  -0.39081124E+02
 -0.6283032250017363E-01  -0.1295107228488776E-11  -0.1123306810734675E+01           200            21  -0.36078139E+02
 -0.6220201927517190E-01  -0.6272997886006383-116  -0.1126377471118939E+01           200            21  -0.27631200E+03
 -0.6157999908242018E-01  -0.6531747016369173-116  -0.1129443209265462E+01           200            21  -0.27631161E+03
 -0.6096419909159598E-01   0.8321413683364063E-12  -0.1132504042479617E+01           200            21  -0.36640571E+02
 -0.6035455710068002E-01   0.7074344920421474-116  -0.1135559987973557E+01           200            21  -0.27631169E+03
 -0.5975101152967321E-01  -0.7361933004808927-116  -0.1138611062885002E+01           200            21  -0.27631169E+03
 -0.5915350141437648E-01   0.7642501069358861-116  -0.1141657284258674E+01           200            21  -0.27631409E+03
 -0.5856196640023272E-01   0.7953113268159028-116  -0.1144698669066186E+01           200            21  -0.27631399E+03
 -0.5797634673623039E-01  -0.8268240109826894-116  -0.1147735234185299E+01           200            21  -0.27631481E+03
 -0.5739658326886808E-01  -0.5216232049847549-115  -0.1150766996428287E+01           200            22  -0.35350566E+02
 -0.5682261743617940E-01  -0.9301313072726894-116  -0.1153793972515639E+01           200            22  -0.27630804E+03
 -0.5625439126181760E-01  -0.8456395709541570E-12  -0.1156816179094954E+01           200            22  -0.36974854E+02
 -0.5569184734919943E-01  -0.1007325903507134-115  -0.1159833632720729E+01           200            22  -0.27630912E+03
 -0.5513492887570744E-01  -0.1047374049089579-115  -0.1162846349890148E+01           200            22  -0.27631045E+03
 -0.5458357958695036E-01  -0.1633447316493816E-12  -0.1165854346988692E+01           200            22  -0.38740036E+02
 -0.5403774379108086E-01  -0.1135895752026997-115  -0.1168857640358097E+01           200            22  -0.27630977E+03
 -0.5349736635317005E-01   0.1280282341485970E-11  -0.1171856246233715E+01           200            22  -0.36761410E+02
 -0.5296239268963835E-01  -0.1229244783979345-115  -0.1174850180802229E+01           200            22  -0.27631103E+03
 -0.5243276876274196E-01   0.1277130742440139-115  -0.1177839460141155E+01           200            22  -0.27631284E+03
 -0.5190844107511455E-01   0.1326637994691729-115  -0.1180824100286077E+01           200            22  -0.27631479E+03
 -0.5138935666436340E-01  -0.1383209757941437-115  -0.1183804117146743E+01           200            22  -0.27631295E+03
 -0.5087546309771977E-01   0.1435668189082696-115  -0.1186779526609627E+01           200            22  -0.27631558E+03
 -0.5036670846674256E-01  -0.2222831535246358E-11  -0.1189750344446806E+01           200            22  -0.36449390E+02
 -0.4986304138207514E-01   0.1056646783133228E-11  -0.1192716586416420E+01           200            22  -0.37232823E+02
 -0.4936441096825439E-01  -0.1616732479364660-115  -0.1195678268078540E+01           200            22  -0.27631606E+03
 -0.4887076685857185E-01  -0.1679930132173612-115  -0.1198635405068847E+01           200            22  -0.27631736E+03
 -0.4838205918998613E-01  -0.2912937701847928E-11  -0.1201588012853625E+01           200            23  -0.36368083E+02
 -0.4789823859808627E-01  -0.9218995833533481E-12  -0.1204536106834097E+01           200            23  -0.37558977E+02
 -0.4741925621210541E-01  -0.1968726927560476-115  -0.1207479702363343E+01           200            23  -0.27630948E+03
 -0.4694506364998435E-01  -0.2050283676332179-115  -0.1210418814742007E+01           200            23  -0.27630919E+03
 -0.4647561301348451E-01   0.2130671273069223-115  -0.1213353459119909E+01           200            23  -0.27631097E+03
 -0.4601085688334967E-01   0.1470131643965206E-12  -0.1216283650665793E+01           200            23  -0.36045806E+02
 -0.4555074831451617E-01  -0.2239208171237198E-11  -0.1219209404417788E+01           200            23  -0.36872765E+02
 -0.4509524083137101E-01   0.3764167496579581E-12  -0.1222130735353427E+01           200            23  -0.34660668E+02
 -0.4464428842305729E-01   0.8235993103982758E-12  -0.1225047658438286E+01           200            23  -0.37953064E+02
 -0.4419784553882672E-01   0.7057617130396272E-13  -0.1227960188443759E+01           200            23  -0.40450027E+02
 -0.4375586708343845E-01   0.2705878682813816-115  -0.1230868340209379E+01           200            23  -0.27631230E+03
 -0.4331830841260407E-01  -0.2811216458570658-115  -0.1233772128369029E+01           200            23  -0.27631398E+03
 -0.4288512532847803E-01   0.2922012366559167-115  -0.1236671567640544E+01           200            23  -0.27631513E+03
 -0.4245627407519324E-01  -0.9800716829965796E-12  -0.1239566672535797E+01           200            23  -0.37978439E+02
 -0.4203171133444131E-01  -0.3790726331878030E-11  -0.1242457457584897E+01           200            23  -0.36665454E+02
 -0.4161139422109689E-01  -0.5486755651882768E-11  -0.1245343937204616E+01           200            23  -0.36335323E+02
 -0.4119528027888592E-01  -0.1373520727241689E-10  -0.1248226125748220E+01           200            24  -0.35486054E+02
 -0.4078332747609707E-01  -0.1545488194681677E-11  -0.1251104037577431E+01           200            24  -0.37711063E+02
 -0.4037549420133609E-01  -0.6468871262432208E-12  -0.1253977686853846E+01           200            24  -0.38622318E+02
 -0.3997173925932273E-01  -0.3992401486877172-115  -0.1256847087774780E+01           200            24  -0.27631147E+03
 -0.3957202186672950E-01  -0.4157956336786476-115  -0.1259712254419449E+01           200            24  -0.27631106E+03
 -0.3917630164806220E-01  -0.3359055267843743E-13  -0.1262573200824531E+01           200            24  -0.34947273E+02
 -0.3878453863158158E-01   0.2017473582998671E-11  -0.1265429940984326E+01           200            24  -0.37645680E+02
 -0.3839669324526576E-01   0.2849233995105079E-11  -0.1268282488781017E+01           200            24  -0.37340541E+02
 -0.3801272631281311E-01   0.4871195366873651-115  -0.1271130858051929E+01           200            24  -0.27631311E+03
 -0.3763259904968497E-01  -0.5734858864468480E-11  -0.1273975062612256E+01           200            24  -0.36721001E+02
 -0.3725627305918813E-01   0.5283611344947296-115  -0.1276815116122929E+01           200            24  -0.27631171E+03
 -0.3688371032859625E-01  -0.5485979512013164-115  -0.1279651032266491E+01           200            24  -0.27631398E+03
 -0.3651487322531029E-01   0.1758993012689204E-11  -0.1282482824607006E+01           200            24  -0.38022389E+02
 -0.3614972449305719E-01  -0.5930652319676949-115  -0.1285310506665647E+01           200            24  -0.27631560E+03
 -0.3578822724812662E-01  -0.6733805269240904E-15  -0.1288134091898459E+01           200            24  -0.35356441E+02
 -0.3543034497564535E-01  -0.6431588092388982-115  -0.1290953593760519E+01           200            24  -0.27631386E+03
 -0.3507604152588890E-01   0.2065679571299707E-11  -0.1293769025522193E+01           200            24  -0.38020370E+02
 -0.3472528111063001E-01  -0.7199701499672070-115  -0.1296580400479526E+01           200            25  -0.27630788E+03
 -0.3437802829952371E-01   0.4782401095876841E-11  -0.1299387731831388E+01           200            25  -0.35340756E+02
 -0.3403424801652847E-01   0.1722661482240872E-11  -0.1302191032789769E+01           200            25  -0.38349748E+02
 -0.3369390553636319E-01   0.4887756710837435E-12  -0.1304990316378167E+01           200            25  -0.39649668E+02
 -0.3335696648099955E-01  -0.9830891464073760E-11  -0.1307785595599516E+01           200            25  -0.36688432E+02
 -0.3302339681618956E-01  -0.8784889520635950-115  -0.1310576883612299E+01           200            25  -0.27630987E+03
 -0.3269316284802766E-01   0.9151833906164753-115  -0.1313364193159294E+01           200            25  -0.27630900E+03
 -0.3236623121954738E-01  -0.1333457715956465E-10  -0.1316147537123117E+01           200            25  -0.36503732E+02
 -0.3204256890735191E-01   0.8819490030179851E-11  -0.1318926928324347E+01           200            25  -0.36957070E+02
 -0.3172214321827839E-01  -0.1849206584441761E-12  -0.1321702379528399E+01           200            25  -0.40861754E+02
 -0.3140492178609561E-01  -0.9546707963035840E-13  -0.1324473903405790E+01           200            25  -0.35354587E+02
 -0.3109087256823465E-01  -0.5649205243261599E-11  -0.1327241512557150E+01           200            25  -0.37522042E+02
 -0.3077996384255231E-01   0.1155699011483497-114  -0.1330005219517401E+01           200            25  -0.27631486E+03
 -0.3047216420412678E-01   0.6590920038809458E-12  -0.1332765036866564E+01           200            25  -0.39749880E+02
 -0.3016744256208552E-01   0.5145915398190952E-11  -0.1335520976941050E+01           200            25  -0.37734426E+02
 -0.2986576813646466E-01  -0.1631836905163413E-11  -0.1338273052335218E+01           200            25  -0.38922514E+02
 -0.2956711045510001E-01  -0.1335430675466605E-11  -0.1341021275352520E+01           200            25  -0.39162509E+02
 -0.2927143935054901E-01  -0.1345569220774349E-11  -0.1343765657956195E+01           200            25  -0.39194439E+02
 -0.2897872495704352E-01   0.1668387677172742E-10  -0.1346506212812415E+01           200            26  -0.36743380E+02
 -0.2868893770747308E-01  -0.4229481044931904E-11  -0.1349242951826835E+01           200            26  -0.38155908E+02
 -0.2840204833039835E-01   0.5218639487337294E-11  -0.1351975887184891E+01           200            26  -0.37985865E+02
 -0.2811802784709437E-01  -0.2321616468863797E-10  -0.1354705031057029E+01           200            26  -0.36533318E+02
 -0.2783684756862343E-01   0.1466644555761609E-10  -0.1357430395259132E+01           200            26  -0.37032620E+02
 -0.2755847909293719E-01   0.4304923403504999E-13  -0.1360151991772194E+01           200            26  -0.42903560E+02
 -0.2728289430200782E-01   0.1099058310750234E-10  -0.1362869832895639E+01           200            26  -0.37401027E+02
 -0.2701006535898774E-01   0.2913622140966375E-10  -0.1365583929732035E+01           200            26  -0.36465953E+02
 -0.2673996470539786E-01   0.1440375427410574E-10  -0.1368294294676939E+01           200            26  -0.37210266E+02
 -0.2647256505834389E-01   0.9467320283019671E-10  -0.1371000939590880E+01           200            26  -0.35367095E+02
 -0.2620783940776045E-01  -0.2217622455094408E-10  -0.1373703875270744E+01           200            26  -0.35957536E+02
 -0.2594576101368284E-01  -0.1458829668081700E-10  -0.1376403114440034E+01           200            26  -0.37316704E+02
 -0.2568630340354601E-01   0.2906638689664760E-10  -0.1379098667839768E+01           200            26  -0.36666967E+02
 -0.2542944036951055E-01   0.2534413348952209-114  -0.1381790547555298E+01           200            26  -0.27631243E+03
 -0.2517514596581544E-01   0.3750723982367343E-12  -0.1384478764996485E+01           200            26  -0.41096296E+02
 -0.2492339450615729E-01   0.6995404934110011E-11  -0.1387163331255853E+01           200            26  -0.38209889E+02
 -0.2467416056109572E-01   0.4002823445949050E-13  -0.1389844258194630E+01           200            26  -0.43412749E+02
 -0.2442741895548476E-01  -0.7166386943014333E-13  -0.1392521556584680E+01           200            26  -0.42869736E+02
 -0.2418314476592991E-01   0.1120338252586151E-11  -0.1395195238061008E+01           200            27  -0.40185920E+02
 -0.2394131331827061E-01  -0.2459094579854645E-10  -0.1397865313942533E+01           200            27  -0.37137203E+02
 -0.2370190018508791E-01   0.3442981477941924-114  -0.1400531795251074E+01           200            27  -0.27630949E+03
 -0.2346488118323703E-01   0.3587267929074883-114  -0.1403194693325664E+01           200            27  -0.27630837E+03
 -0.2323023237140466E-01   0.2196073239774316E-11  -0.1405854018689394E+01           200            27  -0.39672717E+02
 -0.2299793004769062E-01  -0.1817171142298297E-10  -0.1408509783020796E+01           200            27  -0.37599362E+02
 -0.2276795074721371E-01   0.2821074582321573E-10  -0.1411161996916917E+01           292            27  -0.37199318E+02
 -0.2254027123974157E-01  -0.4204930645058862-114  -0.1413810671554264E+01           292            27  -0.27630877E+03
 -0.2231486852734416E-01   0.7649618456890132E-12  -0.1416455817413290E+01           292            27  -0.40886396E+02
 -0.2209171984207071E-01  -0.8426478170454578E-10  -0.1419097445712807E+01           292            27  -0.36224155E+02
 -0.2187080264365001E-01   0.9252403040866219E-10  -0.1421735567901198E+01           292            27  -0.36170257E+02
 -0.2165209461721351E-01   0.2183655674730233E-10  -0.1424370193037705E+01           292            27  -0.37653700E+02
 -0.2143557367104137E-01  -0.9466216991875388E-11  -0.1427001332649215E+01           292            27  -0.38529069E+02
 -0.2122121793433096E-01   0.6316363556290358E-12  -0.1429628998152909E+01           292            27  -0.41275707E+02
 -0.2100900575498765E-01   0.3666005746570468E-10  -0.1432253199180678E+01           292            27  -0.37254000E+02
 -0.2079891569743777E-01  -0.5740605620375171-114  -0.1434873946432516E+01           292            27  -0.27631376E+03
 -0.2059092654046339E-01  -0.2777051326736593E-09  -0.1437491251298521E+01           292            27  -0.35307833E+02
 -0.2038501727505876E-01   0.1109222804412114E-09  -0.1440105122461386E+01           292            27  -0.36264848E+02
 -0.2018116710230817E-01  -0.2083793049485219E-11  -0.1442715572168398E+01           292            28  -0.40303815E+02
 -0.1997935543128509E-01   0.5045114365657588E-11  -0.1445322610436080E+01           292            28  -0.39459484E+02
 -0.1977956187697224E-01  -0.2851337226489027E-12  -0.1447926246063130E+01           292            28  -0.42372555E+02
 -0.1958176625820252E-01   0.1213573214539306E-09  -0.1450526491240966E+01           292            28  -0.36358826E+02
 -0.1938594859562049E-01  -0.8103113963823717E-11  -0.1453123354910702E+01           292            28  -0.36044072E+02
 -0.1919208910966429E-01  -0.1892463861323503E-10  -0.1455716848489997E+01           292            28  -0.38296579E+02
 -0.1900016821856764E-01  -0.6246315375312229E-10  -0.1458306981423001E+01           292            28  -0.37142137E+02
 -0.1881016653638197E-01  -0.9320006334383611E-11  -0.1460893763506181E+01           292            28  -0.39084176E+02
 -0.1862206487101815E-01  -0.9862357928493399E-10  -0.1463477204974627E+01           292            28  -0.36764610E+02
 -0.1843584422230797E-01   0.2101417978413999E-12  -0.1466057316104249E+01           292            28  -0.42955429E+02
 -0.1825148578008489E-01   0.1394305675468782E-11  -0.1468634106730182E+01           292            28  -0.35354097E+02
 -0.1806897092228404E-01   0.5283680242705825E-11  -0.1471207587123709E+01           292            28  -0.39809770E+02
 -0.1788828121306120E-01  -0.4647155629205925E-10  -0.1473777767245109E+01           292            28  -0.37674954E+02
 -0.1770939840093059E-01  -0.6176832192413095E-10  -0.1476344656483435E+01           292            28  -0.37429761E+02
 -0.1753230441692128E-01   0.7197610093929563E-10  -0.1478908265029380E+01           292            28  -0.37316130E+02
 -0.1735698137275207E-01  -0.1749621911693556E-09  -0.1481468600815005E+01           292            28  -0.36467163E+02
 -0.1718341155902455E-01  -0.1193080245550753E-10  -0.1484025675903039E+01           292            28  -0.39191834E+02
 -0.1701157744343430E-01  -0.5201701342198812E-11  -0.1486579499590763E+01           292            28  -0.40061152E+02
 -0.1684146166899996E-01   0.9741952957693996E-11  -0.1489130082293165E+01           292            28  -0.34663670E+02
 -0.1667304705230996E-01  -0.1443444944897216-113  -0.1491677430642750E+01           292            29  -0.27630938E+03
 -0.1650631658178686E-01   0.3635431125195107E-09  -0.1494221555702545E+01           292            29  -0.35956564E+02
 -0.1634125341596899E-01  -0.1561579333122555-113  -0.1496762468491633E+01           292            29  -0.27631013E+03
 -0.1617784088180930E-01   0.9694033029297012E-10  -0.1499300176565257E+01           292            29  -0.37357687E+02
 -0.1601606247299121E-01  -0.9087987907640928E-09  -0.1501834692359504E+01           292            29  -0.35159253E+02
 -0.1585590184826130E-01  -0.1755426250909976-113  -0.1504366019912528E+01           292            29  -0.27631189E+03
 -0.1569734282977868E-01  -0.2621476236737437E-09  -0.1506894172165919E+01           292            29  -0.36481526E+02
 -0.1554036940148090E-01  -0.3646389175343955E-10  -0.1509419158020560E+01           292            29  -0.38493575E+02
 -0.1538496570746609E-01   0.5472142020588960E-09  -0.1511940988935306E+01           292            29  -0.35824477E+02
 -0.1523111605039142E-01   0.3338777944271104E-10  -0.1514459668315946E+01           292            29  -0.38660504E+02
 -0.1507880488988751E-01  -0.6675547905149155E-10  -0.1516975211316273E+01           292            29  -0.38006992E+02
 -0.1492801684098864E-01   0.1000378237508309E-08  -0.1519487622598676E+01           292            29  -0.35339185E+02
 -0.1477873667257875E-01  -0.3111498530559196E-09  -0.1521996916325698E+01           292            29  -0.36546292E+02
 -0.1463094930585296E-01  -0.1352668702987104E-08  -0.1524503098748464E+01           292            29  -0.35115937E+02
 -0.1448463981279443E-01   0.9133301851716089E-10  -0.1527006175558498E+01           292            29  -0.37850422E+02
 -0.1433979341466649E-01  -0.8981550557906976E-10  -0.1529506160547210E+01           292            29  -0.37906297E+02
 -0.1419639548051982E-01  -0.5565300222428404E-09  -0.1532003062934862E+01           292            29  -0.36121412E+02
 -0.1405443152571462E-01   0.1417694219488059E-10  -0.1534496887406782E+01           292            29  -0.39830552E+02
 -0.1391388721045748E-01  -0.1543299720676996E-09  -0.1536987645415312E+01           292            29  -0.37482069E+02
 -0.1377474833835290E-01   0.4711938687386073E-10  -0.1539475346765115E+01           292            29  -0.38707430E+02
 -0.1363700085496937E-01   0.1328563577714028E-09  -0.1541959998688864E+01           292            30  -0.37733778E+02
 -0.1350063084641968E-01  -0.9713847535589970E-10  -0.1544441609178452E+01           292            30  -0.38086426E+02
 -0.1336562453795548E-01  -0.4996636126679326E-09  -0.1546920191472397E+01           292            30  -0.36488103E+02
 -0.1323196829257593E-01   0.1532375528530156E-11  -0.1549395749279449E+01           292            30  -0.42314651E+02
 -0.1309964860965017E-01  -0.2568553863944494E-09  -0.1551868292357921E+01           292            30  -0.37232347E+02
 -0.1296865212355367E-01  -0.3946728211405320-113  -0.1554337833120011E+01           292            30  -0.27631100E+03
 -0.1283896560231813E-01   0.3699820993564420E-11  -0.1556804375340747E+01           292            30  -0.41551230E+02
 -0.1271057594629495E-01  -0.2748230701680041E-10  -0.1559267927311880E+01           292            30  -0.39585237E+02
 -0.1258347018683200E-01  -0.3877473473685132E-09  -0.1561728501498359E+01           292            30  -0.36977648E+02
 -0.1245763548496368E-01  -0.4484242214974284E-09  -0.1564186103654852E+01           292            30  -0.36871444E+02
 -0.1233305913011404E-01  -0.9324269281115622E-09  -0.1566640744134490E+01           292            30  -0.36178533E+02
 -0.1220972853881290E-01  -0.1275505896016963E-09  -0.1569092430673791E+01           292            30  -0.38206909E+02
 -0.1208763125342477E-01   0.5194890643559097-113  -0.1571541170093441E+01           292            30  -0.27631048E+03
 -0.1196675494089052E-01   0.2542397719244791E-11  -0.1573986972257862E+01           292            30  -0.34949501E+02
 -0.1184708739148162E-01   0.1482925195310786E-11  -0.1576429845100381E+01           292            30  -0.42778456E+02
 -0.1172861651756680E-01  -0.1987655539573529E-09  -0.1578869796758756E+01           292            30  -0.37919282E+02
 -0.1161133035239113E-01   0.3237156649479751E-09  -0.1581306839786348E+01           292            30  -0.37470438E+02
 -0.1149521704886722E-01  -0.2081483076448658E-09  -0.1583740973512013E+01           292            30  -0.37950906E+02
 -0.1138026487837855E-01   0.2399384500102257E-08  -0.1586172211645654E+01           292            30  -0.35545004E+02
 -0.1126646222959476E-01  -0.1378779224247617E-10  -0.1588600559669969E+01           292            31  -0.40765722E+02
 -0.1115379760729882E-01  -0.1593681277096728E-09  -0.1591026034097629E+01           292            31  -0.38357646E+02
 -0.1104225963122583E-01   0.1924423631565508E-08  -0.1593448634077061E+01           292            31  -0.35905797E+02
 -0.1093183703491357E-01   0.5095974644243009E-10  -0.1595868366254957E+01           292            31  -0.39576418E+02
 -0.1082251866456443E-01   0.6048269261796217E-10  -0.1598285241916517E+01           292            31  -0.39444331E+02
 -0.1071429347791879E-01   0.7437256713538064E-09  -0.1600699271400045E+01           292            31  -0.36974210E+02
 -0.1060715054313960E-01  -0.1449090465747109E-08  -0.1603110467753074E+01           292            31  -0.36346345E+02
 -0.1050107903770821E-01   0.9175742084091611-113  -0.1605518826941364E+01           292            31  -0.27631127E+03
 -0.1039606824733112E-01   0.2027900454560927E-10  -0.1607924359563583E+01           292            31  -0.40693638E+02
 -0.1029210756485781E-01   0.1175458642530653E-11  -0.1610327079577511E+01           292            31  -0.43580599E+02
 -0.1018918648920924E-01  -0.6649569397432619E-09  -0.1612726984557050E+01           292            31  -0.37281529E+02
 -0.1008729462431714E-01   0.1252337141531497E-08  -0.1615124090528842E+01           292            31  -0.36687439E+02
 -0.9986421678073973E-02  -0.1653938084917936E-08  -0.1617518413684835E+01           292            31  -0.36448206E+02
 -0.9886557461293233E-02  -0.1263681273629825E-10  -0.1619909947811460E+01           292            31  -0.41361382E+02
 -0.9787691886680302E-02   0.6525406109353594E-11  -0.1622298697954421E+01           292            31  -0.42061128E+02
 -0.9689814967813499E-02  -0.8327562587559461E-09  -0.1624684679202644E+01           292            31  -0.37250887E+02
 -0.9592916818135365E-02   0.3903213852086736E-08  -0.1627067899142129E+01           292            31  -0.35744830E+02
 -0.9496987649954011E-02   0.1475453065963770E-10  -0.1629448374223705E+01           292            31  -0.41361554E+02
 -0.9402017773454471E-02   0.3310746106712548E-08  -0.1631826089253808E+01           292            31  -0.35986855E+02
 -0.9307997595719927E-02  -0.7055762576918364E-09  -0.1634201070859689E+01           292            31  -0.37571409E+02
 -0.9214917619762727E-02  -0.1651288896472315E-08  -0.1636573328418362E+01           292            31  -0.36759715E+02
 -0.9122768443565099E-02  -0.3245488165796094E-08  -0.1638942844830100E+01           292            32  -0.36145051E+02
 -0.9031540759129448E-02   0.2705166437278237E-12  -0.1641309655432128E+01           292            32  -0.45576617E+02
 -0.8941225351538153E-02   0.2316748766914523E-10  -0.1643673749609861E+01           292            32  -0.41165530E+02
 -0.8851813098022772E-02  -0.9954164511015692E-08  -0.1646014212845817E+01           292            32  -0.27490618E+02
 -0.8763294967042545E-02  -0.5201085919548466E-08  -0.1648393851265653E+01           292            32  -0.35829709E+02
 -0.8675662017372118E-02   0.8611863170881885E-09  -0.1650749847462430E+01           292            32  -0.37666988E+02
 -0.8588905397198397E-02  -0.2919135112663707E-08  -0.1653103188853884E+01           292            32  -0.36485185E+02
 -0.8503016343226413E-02  -0.1666165332811804E-07  -0.1655433006831424E+01           292            32  -0.27649973E+02
 -0.8417986179794149E-02   0.7566585420014837E-09  -0.1657801848900192E+01           292            32  -0.37913059E+02
 -0.8333806317996207E-02  -0.5537730670761924E-09  -0.1660147179995063E+01           292            32  -0.38264030E+02
 -0.8250468254816245E-02  -0.2431335902185364E-09  -0.1662489857283306E+01           292            32  -0.39125949E+02
 -0.8167963572268082E-02   0.2547791551673552E-08  -0.1664809126545882E+01           292            32  -0.27809599E+02
 -0.8086283936545402E-02  -0.4689192557853298E-08  -0.1667105213115831E+01           292            32  -0.26752041E+02
 -0.8005421097179947E-02  -0.2185380682628498E-07  -0.1669378348820081E+01           292            32  -0.26100338E+02
 -0.7925366886208146E-02  -0.4884677495203234E-07  -0.1671628763167289E+01           292            32  -0.25630485E+02
