 $IN
 LR      =  0.000000000000000E+000,
 LI      =  5.515689316165199E-003,
 NU      =  5.000000000000000E-002,
 FAL     =  0.990000000000000     ,
 DLR     =  1.000000000000000E-008,
 DLI     =  1.000000000000000E-008,
 ALPHA   =  -1.01000000000000     ,
 NMAX    =          50,
 NMIN    =           3,
 AMAX    =  1.000000000000000E+040,
 EPS     =  9.999999999999999E-021,
 FTOL    =  1.000000000000000E-005,
 ITMAX   =       10000,
 IALMAX  =       10000,
 IW      =           1
 $END
 wr =   0.000000000000000E+000
 wi =   5.515689316165199E-003
 alpha                    wr                       wi                       nmax          nmin          funk           
 -0.1010000000000000E+01  -0.1511050626349737E-19   0.5515689316165199E-02           200             3  -0.36601021E+02
 -0.1009898496708676E+01   0.2334613887973119-307   0.5459900540914454E-02           200             3  -0.70304400E+03
 -0.9997995117415892E+00  -0.4570282529661886E-21  -0.1109870885212369E-03           200             3  -0.36602898E+02
 -0.9898015166241733E+00   0.1152444691170521E-19  -0.5666104994574572E-02           200             3  -0.36605669E+02
 -0.9799035014579315E+00  -0.4267892877911702-300  -0.1120553023094784E-01           200             3  -0.68701949E+03
 -0.9701044664433521E+00   0.9303316235528708E-19  -0.1672933940492378E-01           200             3  -0.35916844E+02
 -0.9604034217789186E+00   0.2723816995234395-307  -0.2223760868004048E-01           200             3  -0.70431878E+03
 -0.9507993875611294E+00   0.3718529036587655E-19  -0.2773041377875195E-01           200             3  -0.36614655E+02
 -0.9412913936855181E+00  -0.3419401316670321-307  -0.3320782998507416E-01           200             3  -0.70450211E+03
 -0.9318784797486629E+00   0.2955465856899276-133  -0.3866993214721706E-01           200             3  -0.30416792E+03
 -0.9225596949511763E+00  -0.8273523326810687E-17  -0.4411679468020212E-01           200             3  -0.35693779E+02
 -0.9133340980016645E+00  -0.3002467123507735-307  -0.4954849156846565E-01           200             3  -0.70504687E+03
 -0.9042007570216479E+00   0.4602812152981362E-19  -0.5496509636844807E-01           200             3  -0.36625685E+02
 -0.8951587494514315E+00   0.3226582534984498E-19  -0.6036668221116895E-01           200             3  -0.36627881E+02
 -0.8862071619569172E+00   0.7487638867251631E-18  -0.6575332180478809E-01           200             3  -0.39045628E+02
 -0.8773450903373480E+00   0.5039777839398183E-19  -0.7112508743715254E-01           200             3  -0.36632222E+02
 -0.8685716394339745E+00  -0.7278470208135301E-17  -0.7648205097832932E-01           200             3  -0.36951942E+02
 -0.8598859230396347E+00   0.3045399963161177E-18  -0.8182428388312504E-01           200             3  -0.36636170E+02
 -0.8512870638092384E+00   0.2554200725556007-307  -0.8715185719359064E-01           200             3  -0.70580686E+03
 -0.8427741931711460E+00   0.2798970916560450-307  -0.9246484154151297E-01           200             3  -0.70577928E+03
 -0.8343464512394345E+00  -0.3601058963767547E-18  -0.9776330715089254E-01           200             3  -0.36642658E+02
 -0.8260029867270402E+00  -0.9926502025156661E-19  -0.1030473238404072E+00           200             3  -0.36645134E+02
 -0.8177429568597698E+00   0.1872884900355719E-18  -0.1083169610258624E+00           200             3  -0.36647218E+02
 -0.8095655272911721E+00  -0.4062656877327525E-18  -0.1135722877226281E+00           200             3  -0.36649110E+02
 -0.8014698720182604E+00   0.0000000000000000E+00  -0.1188133725480612E+00           200             3  -0.12000000E+03
 -0.7934551732980778E+00   0.6874228467553290E-17  -0.1240402837239156E+00           200             3  -0.35942903E+02
 -0.7855206215650971E+00  -0.1128398610129723E-18  -0.1292530890787377E+00           200             3  -0.36655768E+02
 -0.7776654153494461E+00   0.1819041533350566E-17  -0.1344518560502500E+00           200             3  -0.35558832E+02
 -0.7698887611959516E+00  -0.9830014539641700E-18  -0.1396366516877185E+00           200             3  -0.39731612E+02
 -0.7621898735839922E+00   0.1295864578597720E-17  -0.1448075426543110E+00           200             3  -0.35968531E+02
 -0.7545679748481522E+00   0.4550828627343998E-18  -0.1499645952294377E+00           200             3  -0.36664007E+02
 -0.7470222950996707E+00   0.3069229059189437-307  -0.1551078753110818E+00           200             3  -0.70626064E+03
 -0.7395520721486739E+00   0.2843933637878033-307  -0.1602374484181150E+00           200             3  -0.70637403E+03
 -0.7321565514271872E+00  -0.6124599163695171E-18  -0.1653533796926019E+00           200             3  -0.36670192E+02
 -0.7248349859129153E+00   0.6524518102905962E-17  -0.1704557339020885E+00           200             3  -0.38125566E+02
 -0.7175866360537861E+00  -0.1560943410668505E-16  -0.1755445754418806E+00           200             3  -0.35946702E+02
 -0.7104107696932482E+00   0.5594049925195024E-18  -0.1806199683373069E+00           200             3  -0.35983477E+02
 -0.7033066619963158E+00   0.8233524946508673E-18  -0.1856819762459713E+00           200             3  -0.36678387E+02
 -0.6962735953763526E+00   0.8161046082584520E-24  -0.1907306624599906E+00           200             3  -0.36680784E+02
 -0.6893108594225891E+00   0.1074061959433318E-17  -0.1957660899082199E+00           200             3  -0.36682339E+02
 -0.6824177508283632E+00   0.4950726051680265E-18  -0.2007883211584662E+00           200             3  -0.36684784E+02
 -0.6755935733200795E+00  -0.1821172776553753E-16  -0.2057974184196875E+00           200             3  -0.35072596E+02
 -0.6688376375868788E+00   0.8416587832127035E-18  -0.2107934435441819E+00           200             3  -0.36688717E+02
 -0.6621492612110099E+00  -0.9626693933497840E-18  -0.2157764580297610E+00           200             3  -0.36690696E+02
 -0.6555277685988998E+00   0.1027910553239409E-17  -0.2207465230219122E+00           200             3  -0.36692705E+02
 -0.6489724909129109E+00   0.0000000000000000E+00  -0.2257036993159504E+00           200             3  -0.12000000E+03
 -0.6424827660037817E+00   0.8740582039227191E-18  -0.2306480473591533E+00           200             3  -0.36003864E+02
 -0.6360579383437439E+00  -0.3331013267625158-307  -0.2355796272528882E+00           200             3  -0.70666934E+03
 -0.6296973589603064E+00   0.0000000000000000E+00  -0.2404984987547239E+00           200             3  -0.12000000E+03
 -0.6234003853707034E+00   0.0000000000000000E+00  -0.2454047212805309E+00           200             3  -0.36009939E+02
 -0.6171663815169963E+00   0.1145568063946092E-17  -0.2502983539065703E+00           200             3  -0.36704822E+02
 -0.6109947177018263E+00   0.6152821581580498E-18  -0.2551794553715707E+00           200             3  -0.36707008E+02
 -0.6048847705248080E+00   0.0000000000000000E+00  -0.2600480840787899E+00           200             3  -0.12000000E+03
 -0.5988359228195600E+00  -0.1547887551493282E-17  -0.2649042980980694E+00           200             3  -0.36710656E+02
 -0.5928475635913644E+00   0.2452507014356551-307  -0.2697481551678725E+00           200             3  -0.70714190E+03
 -0.5869190879554507E+00   0.0000000000000000E+00  -0.2745797126973133E+00           200             3  -0.12000000E+03
 -0.5810498970758962E+00   0.9619559920022434E-18  -0.2793990277681724E+00           200             3  -0.36716853E+02
 -0.5752393981051372E+00  -0.3757650290094546-307  -0.2842061571369018E+00           200             3  -0.70678055E+03
 -0.5694870041240858E+00  -0.3958321525439202-120  -0.2890011572366162E+00           200             3  -0.27666476E+03
 -0.5637921340828449E+00  -0.1720928126651472E-17  -0.2937840841790744E+00           200             3  -0.36722522E+02
 -0.5581542127420165E+00  -0.3327687896705957-307  -0.2985549937566487E+00           200             3  -0.70696434E+03
 -0.5525726706145964E+00  -0.5955706145552278E-18  -0.3033139414442823E+00           200             3  -0.36726731E+02
 -0.5470469439084504E+00   0.6545702223089304E-17  -0.3080609824014337E+00           200             3  -0.39116353E+02
 -0.5415764744693660E+00  -0.4130446752852859E-17  -0.3127961714740137E+00           200             3  -0.39606250E+02
 -0.5361607097246723E+00   0.7403408845256357-307  -0.3175195631963056E+00           200             3  -0.70705306E+03
 -0.5307991026274256E+00   0.4724596088222535-307  -0.3222312117928786E+00           200             3  -0.70722932E+03
 -0.5254911116011514E+00   0.9091957471282491-307  -0.3269311711804856E+00           200             3  -0.70665372E+03
 -0.5202362004851399E+00  -0.1225163074533423E-15  -0.3316194949699558E+00           200             3  -0.35286121E+02
 -0.5150338384802885E+00  -0.4199921305233303E-16  -0.3362962364680673E+00           200             3  -0.37430379E+02
 -0.5098835000954856E+00  -0.4445151054715531-307  -0.3409614486794178E+00           200             3  -0.70741509E+03
 -0.5047846650945307E+00  -0.1147452909849766E-16  -0.3456151843082778E+00           200             3  -0.36048841E+02
 -0.4997368184435854E+00   0.4111865663331270E-17  -0.3502574957604336E+00           200             3  -0.36052598E+02
 -0.4947394502591495E+00   0.7546312720771912E-17  -0.3548884351450223E+00           200             4  -0.36044402E+02
 -0.4897920557565580E+00  -0.2705466286404483-307  -0.3595080542763540E+00           200             4  -0.70804403E+03
 -0.4848941351989924E+00  -0.2843049505070827-307  -0.3641164046757212E+00           200             4  -0.70802640E+03
 -0.4800451938470024E+00  -0.2698143759295063-307  -0.3687135375731982E+00           200             4  -0.70811071E+03
 -0.4752447419085324E+00   0.5859604731592192-307  -0.3732995039094348E+00           200             4  -0.70804256E+03
 -0.4704922944894471E+00   0.5699430644390088-307  -0.3778743543374311E+00           200             4  -0.70812017E+03
 -0.4657873715445526E+00   0.2490425195737215-307  -0.3824381392243072E+00           200             4  -0.70828704E+03
 -0.4611294978291071E+00  -0.5167291979975912-307  -0.3869909086530587E+00           200             5  -0.70801336E+03
 -0.4565182028508160E+00  -0.7227236989554889-307  -0.3915327124243045E+00           200             5  -0.70757433E+03
 -0.4519530208223079E+00  -0.2888442601752378E-17  -0.3960636000580234E+00           200             5  -0.36047854E+02
 -0.4474334906140848E+00  -0.4364033004788158E-17  -0.4005836207952779E+00           200             5  -0.36049247E+02
 -0.4429591557079439E+00   0.4562777229784586-307  -0.4050928235999324E+00           200             5  -0.70814353E+03
 -0.4385295641508645E+00   0.4322037111790169-307  -0.4095912571603539E+00           200             5  -0.70819917E+03
 -0.4341442685093558E+00  -0.3750043983240110-307  -0.4140789698911069E+00           200             5  -0.70834256E+03
 -0.4298028258242623E+00  -0.3725834066867501-307  -0.4185560099346445E+00           200             5  -0.70835046E+03
 -0.4255047975660197E+00  -0.2696529063937507-307  -0.4230224251629674E+00           200             6  -0.70815059E+03
 -0.4212497495903595E+00   0.1602952421031664E-16  -0.4274782631793052E+00           200             6  -0.39387633E+02
 -0.4170372520944559E+00   0.5760448542084216E-17  -0.4319235713197540E+00           200             6  -0.35354212E+02
 -0.4128668795735114E+00   0.1014596497716541-306  -0.4363583966549330E+00           200             6  -0.70811585E+03
 -0.4087382107777763E+00   0.1370108303817545E-16  -0.4407827859916057E+00           200             6  -0.36049573E+02
 -0.4046508286699985E+00   0.5957671295601272E-17  -0.4451967858743147E+00           200             6  -0.36051165E+02
 -0.4006043203832985E+00  -0.2713114667869419-307  -0.4496004425869810E+00           200             6  -0.70831161E+03
 -0.3965982771794656E+00   0.8502126925813304-307  -0.4539938021545252E+00           200             6  -0.70829244E+03
 -0.3926322944076709E+00  -0.8557018553155156-307  -0.4583769103444465E+00           200             6  -0.70828596E+03
 -0.3887059714635942E+00  -0.1054512239199554E-16  -0.4627498126684138E+00           200             7  -0.36044672E+02
 -0.3848189117489583E+00   0.9359696726251415-307  -0.4671125543838361E+00           200             7  -0.70828957E+03
 -0.3809707226314687E+00  -0.9236315490141657-307  -0.4714651804954272E+00           200             7  -0.70830524E+03
 -0.3771610154051540E+00  -0.3615916851434076E-15  -0.4758077357567657E+00           200             7  -0.35934254E+02
 -0.3733894052511025E+00   0.8072743814268362-307  -0.4801402646718377E+00           200             7  -0.70773992E+03
