-1.01
235
  0.1000000000000000E-02  -0.1085436075122699E-19   0.5619407232729403E-02          3200             3  -0.36651439E+02
  0.5000100000000000E-03   0.2508421858933578E-19   0.5620462131645352E-02          6400             3  -0.36651377E+02
  0.2500100001000000E-03   0.9512728068755173E-20   0.5620989565376744E-02          6400             3  -0.36652235E+02
  0.1250075001500010E-03  -0.1052034760950188E-19   0.5621253280946370E-02         12800             3  -0.36652340E+02
  0.6250500015000198E-04  -0.1484593153549166E-19   0.5621385139725517E-02         25600             3  -0.36652281E+02
  0.3125312512500249E-04  -0.1300331791983174E-19   0.5621451070022928E-02         25600             3  -0.36652370E+02
  0.1000000000000000E-02  -0.1085436075122699E-19   0.5619407232729403E-02          3200             3  -0.36651439E+02
  0.1050001000000000E-02  -0.2284980784528417E-19   0.5619301734764987E-02          3200             3  -0.35958227E+02
  0.1102502100001000E-02   0.1887983615818215E-19   0.5619190961042924E-02          3200             3  -0.36651067E+02
  0.2000000000000000E-02   0.1651276519429978E-19   0.5617297182574950E-02          1600             3  -0.35957328E+02
  0.2100002000000000E-02   0.2295157558080095-307   0.5617086157935150E-02          1600             3  -0.70317476E+03
  0.2205004200002000E-02   0.1102790028695580E-19   0.5616864578838738E-02          1600             3  -0.36650206E+02
  0.1000000000000000E-01  -0.3375359318030014E-20   0.5600406716653739E-02           800             3  -0.41908927E+02
  0.5000000000000000E-01   0.8921770442965716E-20   0.5515689316165199E-02           200             3  -0.36601229E+02
  0.5250005000000000E-01  -0.2367509317149713-307   0.5510379916602743E-02           200             3  -0.70303468E+03
  0.5512510500005000E-01   0.2867502563591516-307   0.5504803238273542E-02           200             3  -0.70283736E+03
  0.5788141537515749E-01  -0.1040099317267289E-18   0.5498945737830515E-02           200             3  -0.35896150E+02
  0.6077554402533074E-01   0.5269470341880584E-20   0.5492793177428941E-02           200             3  -0.36590189E+02
  0.6381438200214130E-01   0.6633068942130764E-20   0.5486330588424083E-02           200             3  -0.36587027E+02
  0.6700516491663037E-01   0.3877463444893266-307   0.5479542233131107E-02           200             3  -0.70250967E+03
  0.7035549016762681E-01   0.3356119726149033-307   0.5472411564545910E-02           200             3  -0.70264673E+03
  0.7387333503149832E-01   0.0000000000000000E+00   0.5464921183921639E-02           200             3  -0.12000000E+03
  0.7756707565640826E-01   0.1410007112776461E-19   0.5457052796092259E-02           200             3  -0.36572559E+02
  0.8144550700630433E-01   0.1346320433545351E-19   0.5448787162431443E-02           200             3  -0.36568566E+02
  0.8551786380212656E-01   0.0000000000000000E+00   0.5440104051332861E-02           200             3  -0.12000000E+03
  0.8979384251009669E-01   0.5301587779879874-307   0.5430982186096592E-02           200             3  -0.70214685E+03
  0.9428362442944403E-01  -0.1309881811572282E-19   0.5421399190106230E-02           200             3  -0.36555259E+02
  0.9899789993454065E-01  -0.1366732811476183E-19   0.5411331529183086E-02           200             3  -0.36550334E+02
  0.1039478939291676E+00  -0.1003357392106774E-19   0.5400754451007623E-02           200             3  -0.36545342E+02
  0.1091453925735199E+00  -0.3079058874151736-307   0.5389641921505211E-02           200             3  -0.70264755E+03
  0.1146027713475885E+00  -0.2269212677021253E-25   0.5377966558103782E-02           200             3  -0.35435838E+02
  0.1203330245177393E+00  -0.5008705082290702E-20   0.5365699559786457E-02           200             3  -0.36528442E+02
  0.1263497960766507E+00  -0.3288432102524520-307   0.5352810633883816E-02           200             3  -0.70254366E+03
  0.1326674122302793E+00  -0.1026972496292651E-19   0.5339267919579961E-02           200             3  -0.36515433E+02
  0.1393009155092055E+00   0.3591742091414302E-19   0.5325037908146089E-02           200             3  -0.36506002E+02
  0.1462661005855813E+00  -0.7946842424312531E-20   0.5310085359967519E-02           200             3  -0.36501339E+02
  0.1535795518809610E+00   0.2869199608854153-307   0.5294373218498311E-02           200             3  -0.70261944E+03
  0.1612586830545609E+00  -0.8718727848874008E-20   0.5277862521366189E-02           200             3  -0.36485659E+02
  0.1693217784659720E+00  -0.2358444657810837E-19   0.5260512308964377E-02           200             3  -0.35783935E+02
  0.1777880367110490E+00  -0.1222425123955885-306   0.5242279531012806E-02           200             3  -0.70095641E+03
  0.1866776163346382E+00   0.6613534813718859E-19   0.5223118951757022E-02           200             3  -0.38338622E+02
  0.1960116838289864E+00   0.1033913842637180E-19   0.5202983054708623E-02           200             3  -0.36449254E+02
  0.2058124640321195E+00  -0.2598623086171030-307   0.5181821948128638E-02           200             3  -0.70260140E+03
  0.2161032930461895E+00   0.6206897260677403E-18   0.5159583272829043E-02           200             3  -0.35503044E+02
  0.2269086738017920E+00   0.4606280300962417E-18   0.5136212114335343E-02           200             3  -0.35576557E+02
  0.2382543344005554E+00   0.8337731482502713E-20   0.5111650922035154E-02           200             3  -0.35712243E+02
  0.2501672893749176E+00  -0.9880596854739227E-26   0.5085839438657504E-02           200             3  -0.36393027E+02
  0.2626759040109529E+00   0.3596952755709933E-18   0.5058714644311491E-02           200             3  -0.36381467E+02
  0.2758099618874045E+00   0.5023179004291583E-18   0.5030210720388789E-02           200             3  -0.35164028E+02
  0.2896007357917366E+00  -0.1277964764650877E-19   0.5000259039930110E-02           200             3  -0.36351276E+02
  0.3040810621820592E+00  -0.6061191321108508E-18   0.4968788192595231E-02           200             3  -0.35588134E+02
  0.3192854193722243E+00   0.1178030776830882E-18   0.4935724054174880E-02           200             3  -0.37299370E+02
  0.3352500096262549E+00  -0.1374098159195543E-19   0.4900989912639236E-02           200             3  -0.35611344E+02
  0.3520128453575773E+00   0.2852390304608688E-20   0.4864506665003130E-02           200             3  -0.36287448E+02
  0.3696138396383015E+00  -0.5226583595654792E-20   0.4826193101731503E-02           200             3  -0.36269265E+02
  0.3880949012340562E+00  -0.3486747188134724-307   0.4785966297880839E-02           190             3  -0.35151955E+02
  0.4075000343906602E+00  -0.3575328387781632E-20   0.4743742132465789E-02           190             3  -0.36230739E+02
  0.4278754436102276E+00  -0.4560916683435471E-18   0.4699435959352977E-02           190             3  -0.34721161E+02
  0.4492696436661825E+00   0.7475502410141676E-20   0.4652963453907455E-02           176             3  -0.35495462E+02
  0.4717335751191353E+00   0.1151076529266505E-19   0.4604241659137167E-02           176             3  -0.35472825E+02
  0.4953207256086672E+00  -0.5874859126116579E-18   0.4553190252600669E-02           176             3  -0.34879023E+02
  0.5200872572098262E+00   0.1925909851522928E-20   0.4499733050232865E-02           170             3  -0.36118643E+02
  0.5460921401575747E+00   0.4722098953893724E-20   0.4443799754925931E-02           170             3  -0.36093081E+02
  0.5733972932575936E+00  -0.1618916077823010E-18   0.4385327945769520E-02           162             3  -0.34651676E+02
  0.6020677313177665E+00  -0.1008074046118648E-19   0.4324265288210746E-02           162             3  -0.34787061E+02
  0.6321717199513861E+00  -0.5673031132612215E-20   0.4260571926400390E-02           162             3  -0.34913111E+02
  0.6637809381206753E+00  -0.3338280006292209E-20   0.4194222997581296E-02           152             3  -0.35577034E+02
  0.6969706488076471E+00   0.5960248088032778E-18   0.4125211186105725E-02           152             3  -0.33757043E+02
  0.7318198782186783E+00   0.1359664896074438E-19   0.4053549213672867E-02           152             3  -0.34311650E+02
  0.7684116039494905E+00  -0.4202905625782700E-20   0.3979272145191117E-02           145             3  -0.35483477E+02
  0.8068329525585689E+00  -0.7454262269524746E-20   0.3902439378935980E-02           145             3  -0.34469829E+02
  0.8471754070194499E+00   0.6191864370988193E-21   0.3823136187762696E-02           145             3  -0.36515451E+02
  0.8895350245458294E+00  -0.4517934801403701E-20   0.3741474686721365E-02           137             3  -0.33915761E+02
  0.9340126653081454E+00   0.2809698375967473E-18   0.3657594122133841E-02           137             3  -0.34257052E+02
  0.9807142325862179E+00  -0.3400472656980173E-19   0.3571660407354811E-02           137             3  -0.33919184E+02
  0.1029750924929761E+01   0.5543555686235882E-20   0.3483864869047816E-02           131             3  -0.34068436E+02
  0.1081239500927174E+01   0.0000000000000000E+00   0.3394422211695846E-02           131             3  -0.12000000E+03
  0.1135302557213034E+01  -0.1413549215395429E-20   0.3303567753293076E-02           131             3  -0.34907860E+02
  0.1192068820376243E+01  -0.2582033446324453E-19   0.3211554027528193E-02           124             3  -0.32921280E+02
  0.1251673453463875E+01   0.1215917079699707E-18   0.3118646883375096E-02           124             3  -0.32484138E+02
  0.1314258377810522E+01  -0.3743672926893969E-20   0.3025121238773295E-02           124             3  -0.32995566E+02
  0.1379972610959426E+01  -0.8706781538283288E-19   0.2931256659106936E-02           119             3  -0.32802406E+02
  0.1448972621480008E+01   0.3244091412686476E-20   0.2837332932924412E-02           119             3  -0.33524987E+02
  0.1521422701526630E+01  -0.1090096768578642E-21   0.2743625807531054E-02           119             3  -0.36047601E+02
  0.1597495358025663E+01  -0.4044452878914682E-20   0.2650403027569747E-02           113             3  -0.32826349E+02
  0.1677371723422304E+01   0.9015331271776792E-21   0.2557920793051649E-02           113             3  -0.33946071E+02
  0.1761241986965143E+01  -0.4151336989401895E-20   0.2466420722429271E-02           113             3  -0.32405426E+02
  0.1849305847555387E+01   0.1189805504389864E-20   0.2376127374103216E-02           109             3  -0.32361303E+02
  0.1941772989239004E+01  -0.1262935478547347E-18   0.2287246348770057E-02           109             3  -0.31781366E+02
  0.2038863580473943E+01  -0.4647513161912415E-19   0.2199962967257336E-02           109             3  -0.31369644E+02
  0.2140808798361221E+01  -0.2519347070142687E-20   0.2114441495316205E-02           104             3  -0.31887459E+02
  0.2247851379088080E+01   0.2003871071250306E-20   0.2030824868974023E-02           104             3  -0.31919185E+02
  0.2360246195893863E+01   0.1684162938576828E-20   0.1949234861638473E-02           104             3  -0.32211874E+02
  0.2478260865934752E+01   0.1317792412294177E-18   0.1869772626887699E-02           100             3  -0.30420893E+02
  0.2602176387492356E+01  -0.1992025574159164E-21   0.1792519548156143E-02           100             3  -0.32221398E+02
  0.2732287809043361E+01   0.1870382413388750E-20   0.1717538327526681E-02           100             3  -0.30698818E+02
  0.2868904931783338E+01   0.1308080839125929E-20   0.1644874249690505E-02            96             3  -0.30588781E+02
  0.3012353047277437E+01  -0.2306628472575451E-18   0.1574556562981998E-02            96             3  -0.29486408E+02
  0.3162973711994356E+01  -0.1286923537242875E-18   0.1506599926464393E-02            96             3  -0.30046194E+02
  0.3321125560567785E+01   0.6508064639691038E-21   0.1441005879680826E-02            96             3  -0.31598808E+02
  0.3487185159721735E+01  -0.2811901428258180E-19   0.1377764299376430E-02            91             3  -0.29592881E+02
  0.3661547904892981E+01   0.3405697897059927E-21   0.1316854814856235E-02            91             3  -0.29856672E+02
  0.3844628961685535E+01   0.1662181812907336E-18   0.1258248160408303E-02            91             3  -0.28502949E+02
  0.4036864254398774E+01   0.1393777159766742E-18   0.1201907449233815E-02            91             3  -0.28532130E+02
  0.4238711503982967E+01   0.3273704940202406E-20   0.1147789358510924E-02            87             3  -0.28483575E+02
  0.4450651317893619E+01  -0.6046369229983070E-19   0.1095845219566821E-02            87             3  -0.28564730E+02
  0.4673188334439617E+01  -0.1272682945625067E-18   0.1046022010676768E-02            87             3  -0.28329976E+02
  0.4906852424349932E+01  -0.2517185185668062E-21   0.9982632528144422E-03            87             3  -0.29757482E+02
  0.5152199952419853E+01   0.2246577103714496E-20   0.9525098108259284E-03            82             3  -0.28054289E+02
  0.5409815102240797E+01   0.2357447032608090E-20   0.9087006040789348E-03            82             3  -0.27944646E+02
  0.5680311267167939E+01  -0.2510335236485674E-27   0.8667732317383348E-03            82             3  -0.27615243E+02
  0.5964332510837603E+01  -0.1829358846653981E-21   0.8266645185238150E-03            82             3  -0.28573416E+02
  0.6262555100711994E+01  -0.1097339448266407E-18   0.7883109871926287E-03            50             3  -0.27049052E+02
  0.6275086473468518E+01  -0.4660990180334587E-20   0.7867761285158125E-03            50             3  -0.26923260E+02
  0.6287642921501927E+01  -0.3466946096557601E-22   0.7852441052782842E-03            50             3  -0.31194538E+02
  0.6300224494987852E+01  -0.1061736958333634E-20   0.7837149131336321E-03            50             3  -0.27896377E+02
  0.6312831244202322E+01   0.7007410347341829E-21   0.7821885477368063E-03            50             3  -0.28378422E+02
  0.6325463219521970E+01  -0.6971710526190940E-21   0.7806650047441541E-03            50             3  -0.28064395E+02
  0.6338120471424231E+01  -0.2523051348122340E-21   0.7791442798134574E-03            50             3  -0.28555844E+02
  0.6350803050487549E+01   0.3887021263120440E-21   0.7776263686039659E-03            50             3  -0.27704261E+02
  0.6363511007391573E+01   0.1134328366440810E-21   0.7761112667764335E-03            50             3  -0.30143772E+02
  0.6376244392917362E+01  -0.6652826346068311E-19   0.7745989699931522E-03            50             3  -0.26861289E+02
  0.6389003257947589E+01   0.3084688938722524E-19   0.7730894739179882E-03            50             3  -0.27062685E+02
  0.6401787653466742E+01   0.2189777528777708E-19   0.7715827742164141E-03            50             3  -0.27059889E+02
  0.6414597630561327E+01  -0.2363982873946145E-20   0.7700788665555454E-03            50             3  -0.26510949E+02
  0.6427433240420079E+01   0.2772749154211798E-20   0.7685777466041712E-03            50             3  -0.27128878E+02
  0.6440294534334158E+01   0.4177302273165133E-21   0.7670794100327906E-03            50             3  -0.27697397E+02
  0.6453181563697359E+01   0.3457825665758310E-21   0.7655838525136454E-03            50             3  -0.28069643E+02
  0.6466094380006316E+01   0.2133231228414355E-21   0.7640910697207517E-03            50             3  -0.29330530E+02
  0.6479033034860707E+01   0.3627744079547764E-21   0.7626010573299348E-03            50             3  -0.28339293E+02
  0.6491997579963463E+01  -0.1247668907112689E-20   0.7611138110188603E-03            50             3  -0.27251617E+02
  0.6504988067120968E+01  -0.8294580864618309E-21   0.7596293264670671E-03            50             3  -0.27557196E+02
  0.6518004548243276E+01   0.2654616878776785E-21   0.7581475993559998E-03            50             3  -0.28567843E+02
  0.6531047075344310E+01   0.4277931274167457E-21   0.7566686253690396E-03            50             3  -0.27858092E+02
  0.6544115700542072E+01  -0.2468244100193290E-26   0.7551924001915373E-03            50             3  -0.27138427E+02
  0.6557210476058855E+01   0.4076241552729549E-21   0.7537189195108438E-03            50             3  -0.28467084E+02
  0.6570331454221447E+01   0.2084076295180853E-22   0.7522481790163413E-03            50             3  -0.31722796E+02
  0.6583478687461342E+01   0.1216698699077881E-21   0.7507801743994748E-03            50             3  -0.29858921E+02
  0.6596652228314951E+01   0.9903094831999248E-22   0.7493149013537827E-03            50             3  -0.29173969E+02
  0.6609852129423808E+01  -0.2092213841565382E-19   0.7478523555749264E-03            50             3  -0.28391462E+02
  0.6623078443534784E+01  -0.1098684742058941E-21   0.7463925327607223E-03            50             3  -0.29542752E+02
  0.6636331223500295E+01   0.9854563405316961E-21   0.7449354286111702E-03            50             3  -0.27945205E+02
  0.6649610522278517E+01  -0.1207006424863908E-20   0.7434810388284839E-03            50             3  -0.27102310E+02
  0.6662916392933595E+01  -0.1495844882590594E-22   0.7420293591171210E-03            50             3  -0.30866705E+02
  0.6676248888635853E+01   0.1617042740106145E-21   0.7405803851838117E-03            50             3  -0.28745243E+02
  0.6689608062662011E+01  -0.2097157605335530E-21   0.7391341127375884E-03            50             3  -0.28887834E+02
  0.6702993968395397E+01   0.6152146648626180E-21   0.7376905374898138E-03            50             3  -0.27318438E+02
  0.6716406659326155E+01  -0.1103659603917239E-20   0.7362496551542113E-03            50             3  -0.27240504E+02
  0.6729846189051465E+01   0.8297305035086213E-20   0.7348114614468913E-03            50             3  -0.26542956E+02
  0.6743312611275756E+01   0.5317074721075161E-22   0.7333759520863818E-03            50             3  -0.30007862E+02
  0.6756805979810917E+01  -0.9527873870089954E-21   0.7319431227936542E-03            50             3  -0.27231486E+02
  0.6770326348576517E+01  -0.4090757181103997E-21   0.7305129692921524E-03            50             3  -0.26811158E+02
  0.6783873771600017E+01   0.4049328280548619E-21   0.7290854873078210E-03            50             3  -0.28146304E+02
  0.6797448303016988E+01   0.5664943472247147E-21   0.7276606725691306E-03            50             3  -0.28231346E+02
  0.6811049997071324E+01   0.3995841516892631E-21   0.7262385208071072E-03            50             3  -0.27681363E+02
  0.6824678908115462E+01  -0.1375339243904923E-20   0.7248190277553579E-03            50             3  -0.27459799E+02
  0.6838335090610599E+01  -0.8140846642228590E-21   0.7234021891500985E-03            50             3  -0.27255243E+02
  0.6852018599126909E+01   0.1869202106179185E-20   0.7219880007301781E-03            50             3  -0.26348388E+02
  0.6865729488343761E+01  -0.1150678990051371E-18   0.7205764582371094E-03            50             3  -0.26122918E+02
  0.6879467813049935E+01   0.2715331022947039E-21   0.7191675574150899E-03            50             3  -0.27499674E+02
  0.6893233628143847E+01  -0.1205229986044086E-20   0.7177612940110316E-03            50             3  -0.27183575E+02
  0.6907026988633762E+01   0.1708475367872968E-20   0.7163576637745849E-03            50             3  -0.26782123E+02
  0.6920847949638016E+01  -0.8622274019287152E-21   0.7149566624581655E-03            50             3  -0.27355233E+02
  0.6934696566385240E+01   0.8740669292595192E-21   0.7135582858169775E-03            50             3  -0.27098272E+02
  0.6948572894214575E+01  -0.1767628991650306E-21   0.7121625296090410E-03            50             3  -0.28994393E+02
  0.6962476988575897E+01  -0.1723784271554593E-22   0.7107693895952148E-03            50             3  -0.30989254E+02
  0.6976408905030036E+01  -0.6218511183984266E-21   0.7093788615392233E-03            50             3  -0.28193635E+02
  0.6990368699249000E+01  -0.1186764135666890E-21   0.7079909412076790E-03            50             3  -0.28704130E+02
  0.7004356427016195E+01   0.5702924145790839E-21   0.7066056243701083E-03            50             3  -0.27162070E+02
  0.7018372144226653E+01   0.1905352747213864E-19   0.7052229067989739E-03            50             3  -0.26893221E+02
  0.7032415906887249E+01  -0.1524670797119973E-20   0.7038427842697016E-03            50             3  -0.27037118E+02
  0.7046487771116929E+01   0.1469553261870821E-20   0.7024652525607002E-03            50             3  -0.26975833E+02
  0.7060587793146932E+01  -0.2806135522616949E-20   0.7010903074533887E-03            50             3  -0.27121344E+02
  0.7074716029321017E+01   0.4661141542877760E-21   0.6997179447322170E-03            50             3  -0.26756902E+02
  0.7088872536095687E+01   0.2204952466882406E-21   0.6983481601846903E-03            50             3  -0.28390024E+02
  0.7103057370040412E+01   0.5951388897035586E-21   0.6969809496013919E-03            50             3  -0.27577522E+02
  0.7117270587837861E+01  -0.1304501698351466E-20   0.6956163087760052E-03            50             3  -0.26877262E+02
  0.7131512246284124E+01  -0.9126841860137310E-21   0.6942542335053375E-03            50             3  -0.26699466E+02
  0.7145782402288936E+01  -0.3083130426524090E-21   0.6928947195893420E-03            50             3  -0.27732254E+02
  0.7160081112875915E+01   0.3933580982302433E-20   0.6915377628311386E-03            50             3  -0.25856647E+02
  0.7174408435182778E+01  -0.1057955067655018E-20   0.6901833590370375E-03            50             3  -0.27037519E+02
  0.7188764426461577E+01  -0.7272962122585382E-21   0.6888315040165613E-03            50             3  -0.27547993E+02
  0.7203149144078925E+01   0.1316503886968770E-20   0.6874821935824648E-03            50             3  -0.26702720E+02
  0.7217562645516225E+01   0.6456870410523271E-21   0.6861354235507585E-03            50             3  -0.27022448E+02
  0.7232004988369902E+01  -0.2101333191250750E-21   0.6847911897407274E-03            50             3  -0.27521912E+02
  0.7246476230351629E+01  -0.2326607416865028E-21   0.6834494879749550E-03            50             3  -0.27944331E+02
  0.7260976429288561E+01   0.1014715960917086E-20   0.6821103140793421E-03            50             3  -0.26582367E+02
  0.7275505643123566E+01   0.1013711812575639E-20   0.6807736638831279E-03            50             3  -0.27170743E+02
  0.7290063929915455E+01   0.1516400029122264E-19   0.6794395332189115E-03            50             3  -0.26274782E+02
  0.7304651347839214E+01   0.3069667779963392E-19   0.6781079179226711E-03            50             3  -0.26464296E+02
  0.7319267955186239E+01  -0.1767240772801303E-21   0.6767788138337843E-03            50             3  -0.28370735E+02
  0.7333913810364564E+01  -0.1945657519791496E-20   0.6754522167950491E-03            50             3  -0.26098048E+02
  0.7348588971899101E+01   0.2349824064405461E-20   0.6741281226527020E-03            50             3  -0.26531581E+02
  0.7363293498431870E+01   0.4694345640453181E-21   0.6728065272564405E-03            50             3  -0.28082467E+02
  0.7378027448722229E+01   0.1420769707350555E-20   0.6714874264594391E-03            50             3  -0.27153280E+02
  0.7392790881647121E+01  -0.4955471703150432E-19   0.6701708161183707E-03            50             3  -0.26240986E+02
  0.7407583856201296E+01   0.8883847149963692E-21   0.6688566920934260E-03            50             3  -0.27162486E+02
  0.7422406431497554E+01  -0.7798444366118279E-21   0.6675450502483312E-03            50             3  -0.27214202E+02
  0.7437258666766978E+01  -0.2901790831319748E-20   0.6662358864503672E-03            50             3  -0.25915527E+02
  0.7452140621359178E+01  -0.1402905519227581E-19   0.6649291965703894E-03            50             3  -0.26579599E+02
  0.7467052354742517E+01   0.1721976359393354E-20   0.6636249764828436E-03            50             3  -0.26176769E+02
  0.7481993926504355E+01  -0.2020432824415252E-21   0.6623232220657877E-03            50             3  -0.27106855E+02
  0.7496965396351288E+01   0.1354789688695462E-20   0.6610239292009063E-03            50             3  -0.26960315E+02
  0.7511966824109385E+01  -0.4748167555520855E-21   0.6597270937735316E-03            50             3  -0.27396878E+02
  0.7526998269724427E+01   0.2898724651056473E-19   0.6584327116726591E-03            50             3  -0.27146603E+02
  0.7542059793262143E+01  -0.3851511683175097E-28   0.6571407787909664E-03            50             3  -0.30537977E+02
  0.7557151454908459E+01  -0.3748753266165747E-22   0.6558512910248304E-03            50             3  -0.29420228E+02
  0.7572273314969729E+01   0.1209131834167482E-19   0.6545642442743444E-03            50             3  -0.26785102E+02
  0.7587425433872981E+01  -0.5325580367136058E-22   0.6532796344433356E-03            50             3  -0.29687261E+02
  0.7602607872166159E+01   0.1263283421670864E-21   0.6519974574393814E-03            50             3  -0.29068705E+02
  0.7617820690518362E+01  -0.7487285150718499E-21   0.6507177091738272E-03            50             3  -0.26951805E+02
  0.7633063949720087E+01  -0.1310699370737545E-20   0.6494403855618021E-03            50             3  -0.26806628E+02
  0.7648337710683475E+01  -0.1350351999748004E-19   0.6481654825222366E-03            50             3  -0.26486312E+02
  0.7663642034442551E+01  -0.2392456099782062E-19   0.6468929959778768E-03            50             3  -0.26192427E+02
  0.7678976982153469E+01   0.5812049325612887E-21   0.6456229218553039E-03            50             3  -0.27482973E+02
  0.7694342615094756E+01   0.7287104469749394E-23   0.6443552560849468E-03            50             3  -0.30869714E+02
  0.7709738994667559E+01   0.6743356546422988E-21   0.6430899946011002E-03            50             3  -0.27434112E+02
  0.7725166182395887E+01   0.1527312812081669E-20   0.6418271333419395E-03            50             3  -0.25984910E+02
  0.7740624239926858E+01   0.1535792990391736E-21   0.6405666682495368E-03            50             3  -0.28568423E+02
  0.7756113229030950E+01  -0.2880174785629595E-22   0.6393085952698760E-03            50             3  -0.30367624E+02
  0.7771633211602239E+01   0.7798166417321064E-20   0.6380529103528677E-03            50             3  -0.26811292E+02
  0.7787184249658654E+01  -0.1825135904199369E-20   0.6367996094523655E-03            50             3  -0.26276676E+02
  0.7802766405342219E+01  -0.3865560506140296E-21   0.6355486885261795E-03            50             3  -0.26898906E+02
  0.7818379740919307E+01  -0.6180928800624700E-20   0.6343001435360927E-03            50             3  -0.26218153E+02
  0.7834024318780884E+01  -0.3628221706852892E-21   0.6330539704478746E-03            50             3  -0.27486407E+02
  0.7849700201442762E+01  -0.8618629082913867E-21   0.6318101652312957E-03            50             3  -0.26572770E+02
  0.7865407451545848E+01   0.1564944687951890E-21   0.6305687238601424E-03            50             3  -0.27461034E+02
  0.7881146131856390E+01   0.4418599087695709E-21   0.6293296423122313E-03            50             3  -0.27150169E+02
  0.7896916305266233E+01   0.2527013325724564E-21   0.6280929165694228E-03            50             3  -0.27882919E+02
  0.7912718034793069E+01   0.7864289174309051E-22   0.6268585426176356E-03            50             3  -0.29426485E+02
  0.7928551383580688E+01  -0.5763800680035180E-22   0.6256265164468601E-03            50             3  -0.28184037E+02
  0.7944416414899231E+01  -0.5260198678696925E-19   0.6243968340511719E-03            50             3  -0.26513556E+02
  0.7960313192145443E+01   0.1644661284155807E-20   0.6231694914287462E-03            50             3  -0.26221336E+02
  0.7976241778842924E+01   0.7166938941371696E-19   0.6219444845818702E-03            50             3  -0.25562119E+02
  0.7992202238642387E+01   0.2927774343099451E-21   0.6207218095169575E-03            50             3  -0.27045013E+02
